4.999999999999999562e-05 1.719060508654493002e-01
5.035781921156419125e-05 1.719060508654493002e-01
5.071819911489168004e-05 1.719060508654493002e-01
5.108115803527661143e-05 1.719060508654493002e-01
5.144671442915598668e-05 1.719060508654493002e-01
5.181488688504816463e-05 1.719060508654493002e-01
5.218569412449808271e-05 1.719060508654493002e-01
5.255915500302925418e-05 1.719060508654493002e-01
5.293528851110254168e-05 1.719060508654493002e-01
5.331411377508185612e-05 1.719060508654493002e-01
5.369565005820673342e-05 1.719060508654493002e-01
5.407991676157182314e-05 1.719060508654493002e-01
5.446693342511349208e-05 1.719060508654493002e-01
5.485671972860339395e-05 1.719060508654493002e-01
5.524929549264913375e-05 1.719060508654493002e-01
5.564468067970227089e-05 1.719060508654493002e-01
5.604289539507332211e-05 1.719060508654493002e-01
5.644395988795412352e-05 1.719060508654493002e-01
5.684789455244750414e-05 1.719060508654493002e-01
5.725471992860433208e-05 1.719060508654493002e-01
5.766445670346797393e-05 1.719060508654493002e-01
5.807712571212622833e-05 1.719060508654493002e-01
5.849274793877078126e-05 1.719060508654493002e-01
5.891134451776426428e-05 1.719060508654493002e-01
5.933293673471492922e-05 1.719060508654493002e-01
5.975754602755902080e-05 1.719060508654493002e-01
6.018519398765086062e-05 1.719060508654493002e-01
6.061590236086085253e-05 1.719060508654493002e-01
6.104969304868116558e-05 1.719060508654493002e-01
6.148658810933948073e-05 1.719060508654493002e-01
6.192660975892060472e-05 1.719060508654493002e-01
6.236978037249620878e-05 1.719060508654493002e-01
6.281612248526260392e-05 1.719060508654493002e-01
6.326565879368652580e-05 1.719060508654493002e-01
6.371841215665945764e-05 1.719060508654493002e-01
6.417440559665982724e-05 1.719060508654493002e-01
6.463366230092378267e-05 1.719060508654493002e-01
6.509620562262424857e-05 1.719060508654493002e-01
6.556205908205845281e-05 1.719060508654493002e-01
6.603124636784376081e-05 1.719060508654493002e-01
6.650379133812265784e-05 1.719060508654493002e-01
6.697971802177540206e-05 1.719060508654493002e-01
6.745905061964227272e-05 1.719060508654493002e-01
6.794181350575407186e-05 1.719060508654493002e-01
6.842803122857148937e-05 1.719060508654493002e-01
6.891772851223343984e-05 1.719060508654493002e-01
6.941093025781428980e-05 1.719060508654493002e-01
6.990766154459007037e-05 1.719060508654493002e-01
7.040794763131371585e-05 1.719060508654493002e-01
7.091181395749950446e-05 1.719060508654493002e-01
7.141928614471670131e-05 1.719060508654493002e-01
7.193038999789230857e-05 1.719060508654493002e-01
7.244515150662332961e-05 1.719060508654493002e-01
7.296359684649828946e-05 1.719060508654493002e-01
7.348575238042835049e-05 1.719060508654493002e-01
7.401164465998768443e-05 1.719060508654493002e-01
7.454130042676379196e-05 1.719060508654493002e-01
7.507474661371729555e-05 1.719060508654493002e-01
7.561201034655134102e-05 1.719060508654493002e-01
7.615311894509108211e-05 1.719060508654493002e-01
7.669809992467281460e-05 1.719060508654493002e-01
7.724698099754319337e-05 1.719060508654493002e-01
7.779979007426828864e-05 1.719060508654493002e-01
7.835655526515303705e-05 1.719060508654493002e-01
7.891730488167026075e-05 1.719060508654493002e-01
7.948206743790092157e-05 1.719060508654493002e-01
8.005087165198334698e-05 1.719060508654493002e-01
8.062374644757413827e-05 1.719060508654493002e-01
8.120072095531860623e-05 1.719060508654493002e-01
8.178182451433214364e-05 1.719060508654493002e-01
8.236708667369214173e-05 1.719060508654493002e-01
8.295653719394054527e-05 1.719060508654493002e-01
8.355020604859716841e-05 1.719060508654493002e-01
8.414812342568387966e-05 1.719060508654493002e-01
8.475031972925958822e-05 1.719060508654493002e-01
8.535682558096632983e-05 1.719060508654493002e-01
8.596767182158641149e-05 1.719060508654493002e-01
8.658288951261060144e-05 1.719060508654493002e-01
8.720250993781766271e-05 1.719060508654493002e-01
8.782656460486502675e-05 1.719060508654493002e-01
8.845508524689113582e-05 1.719060508654493002e-01
8.908810382412887135e-05 1.719060508654493002e-01
8.972565252553084078e-05 1.719060508654493002e-01
9.036776377040621109e-05 1.719060508654493002e-01
9.101447021006914338e-05 1.719060508654493002e-01
9.166580472949915361e-05 1.719060508654493002e-01
9.232180044901327760e-05 1.719060508654493002e-01
9.298249072595033847e-05 1.719060508654493002e-01
9.364790915636708605e-05 1.719060508654493002e-01
9.431808957674638451e-05 1.719060508654493002e-01
9.499306606571828848e-05 1.719060508654493002e-01
9.567287294579225924e-05 1.719060508654493002e-01
9.635754478510320461e-05 1.719060508654493002e-01
9.704711639916856409e-05 1.719060508654493002e-01
9.774162285265914978e-05 1.719060508654493002e-01
9.844109946118202205e-05 1.719060508654493002e-01
9.914558179307628063e-05 1.719060508654493002e-01
9.985510567122171720e-05 1.719060508654493002e-01
1.005697071748604376e-04 1.719060508654493002e-01
1.012894226414314675e-04 1.719060508654493002e-01
1.020142886684184496e-04 1.719060508654493002e-01
1.027443421152107717e-04 1.719060508654493002e-01
1.034796201049777186e-04 1.719060508654493002e-01
1.042201600265562440e-04 1.719060508654493002e-01
1.049659995363521735e-04 1.719060508654493002e-01
1.057171765602550817e-04 1.719060508654493002e-01
1.064737292955667626e-04 1.719060508654493002e-01
1.072356962129435506e-04 1.719060508654493002e-01
1.080031160583526145e-04 1.719060508654493002e-01
1.087760278550421289e-04 1.719060508654493002e-01
1.095544709055256620e-04 1.719060508654493002e-01
1.103384847935806183e-04 1.719060508654493002e-01
1.111281093862611952e-04 1.719060508654493002e-01
1.119233848359254342e-04 1.719060508654493002e-01
1.127243515822771671e-04 1.719060508654493002e-01
1.135310503544222999e-04 1.719060508654493002e-01
1.143435221729397747e-04 1.719060508654493002e-01
1.151618083519676694e-04 1.719060508654493002e-01
1.159859505013038396e-04 1.719060508654493002e-01
1.168159905285218745e-04 1.719060508654493002e-01
1.176519706411020149e-04 1.719060508654493002e-01
1.184939333485774673e-04 1.719060508654493002e-01
1.193419214646960450e-04 1.719060508654493002e-01
1.201959781095971244e-04 1.719060508654493002e-01
1.210561467120043898e-04 1.719060508654493002e-01
1.219224710114341767e-04 1.719060508654493002e-01
1.227949950604195772e-04 1.719060508654493002e-01
1.236737632267505510e-04 1.719060508654493002e-01
1.245588201957300277e-04 1.719060508654493002e-01
1.254502109724460696e-04 1.719060508654493002e-01
1.263479808840605411e-04 1.719060508654493002e-01
1.272521755821137972e-04 1.719060508654493002e-01
1.281628410448462044e-04 1.719060508654493002e-01
1.290800235795361143e-04 1.719060508654493002e-01
1.300037698248544522e-04 1.719060508654493002e-01
1.309341267532365184e-04 1.719060508654493002e-01
1.318711416732702951e-04 1.719060508654493002e-01
1.328148622321023188e-04 1.719060508654493002e-01
1.337653364178603298e-04 1.719060508654493002e-01
1.347226125620934857e-04 1.719060508654493002e-01
1.356867393422302214e-04 1.719060508654493002e-01
1.366577657840532920e-04 1.719060508654493002e-01
1.376357412641927879e-04 1.719060508654493002e-01
1.386207155126369301e-04 1.719060508654493002e-01
1.396127386152608632e-04 1.719060508654493002e-01
1.406118610163735276e-04 1.719060508654493002e-01
1.416181335212825839e-04 1.719060508654493002e-01
1.426316072988781749e-04 1.719060508654493002e-01
1.436523338842345501e-04 1.719060508654493002e-01
1.446803651812308261e-04 1.719060508654493002e-01
1.457157534651901793e-04 1.719060508654493002e-01
1.467585513855381189e-04 1.719060508654493002e-01
1.478088119684796810e-04 1.719060508654493002e-01
1.488665886196957036e-04 1.719060508654493002e-01
1.499319351270587530e-04 1.719060508654493002e-01
1.510049056633679153e-04 1.719060508654493002e-01
1.520855547891037545e-04 1.719060508654493002e-01
1.531739374552025686e-04 1.719060508654493002e-01
1.542701090058506497e-04 1.719060508654493002e-01
1.553741251812985750e-04 1.719060508654493002e-01
1.564860421206955548e-04 1.719060508654493002e-01
1.576059163649441372e-04 1.719060508654493002e-01
1.587338048595753493e-04 1.719060508654493002e-01
1.598697649576441137e-04 1.719060508654493002e-01
1.610138544226460500e-04 1.719060508654493002e-01
1.621661314314545247e-04 1.719060508654493002e-01
1.633266545772789238e-04 1.719060508654493002e-01
1.644954828726440945e-04 1.719060508654493002e-01
1.656726757523913356e-04 1.719060508654493002e-01
1.668582930767003670e-04 1.719060508654493002e-01
1.680523951341334171e-04 1.719060508654493002e-01
1.692550426447008587e-04 1.719060508654493002e-01
1.704662967629486645e-04 1.719060508654493002e-01
1.716862190810684407e-04 1.719060508654493002e-01
1.729148716320289556e-04 1.719060508654493002e-01
1.741523168927309236e-04 1.719060508654493002e-01
1.753986177871836097e-04 1.719060508654493002e-01
1.766538376897047974e-04 1.719060508654493002e-01
1.779180404281432276e-04 1.719060508654493002e-01
1.791912902871241038e-04 1.719060508654493002e-01
1.804736520113183135e-04 1.719060508654493002e-01
1.817651908087343645e-04 1.719060508654493002e-01
1.830659723540343088e-04 1.719060508654493002e-01
1.843760627918733562e-04 1.719060508654493002e-01
1.856955287402633408e-04 1.719060508654493002e-01
1.870244372939600932e-04 1.719060508654493002e-01
1.883628560278753986e-04 1.719060508654493002e-01
1.897108530005129138e-04 1.719060508654493002e-01
1.910684967574292122e-04 1.719060508654493002e-01
1.924358563347191957e-04 1.719060508654493002e-01
1.938130012625266052e-04 1.719060508654493002e-01
1.952000015685795503e-04 1.719060508654493002e-01
1.965969277817515711e-04 1.719060508654493002e-01
1.980038509356477452e-04 1.719060508654493002e-01
1.994208425722171138e-04 1.719060508654493002e-01
2.008479747453902889e-04 1.719060508654493002e-01
2.022853200247435137e-04 1.719060508654493002e-01
2.037329514991888268e-04 1.719060508654493002e-01
2.051909427806905713e-04 1.719060508654493002e-01
2.066593680080086300e-04 1.719060508654493002e-01
2.081383018504682505e-04 1.719060508654493002e-01
2.096278195117571653e-04 1.719060508654493002e-01
2.111279967337495185e-04 1.719060508654493002e-01
2.126389098003574941e-04 1.719060508654493002e-01
2.141606355414101849e-04 1.719060508654493002e-01
2.156932513365604877e-04 1.719060508654493002e-01
2.172368351192198357e-04 1.719060508654493002e-01
2.187914653805210388e-04 1.719060508654493002e-01
2.203572211733096926e-04 1.719060508654493002e-01
2.219341821161639121e-04 1.719060508654493002e-01
2.235224283974429323e-04 1.719060508654493002e-01
2.251220407793647115e-04 1.719060508654493002e-01
2.267331006021126719e-04 1.719060508654493002e-01
2.283556897879717416e-04 1.719060508654493002e-01
2.299898908454943468e-04 1.719060508654493002e-01
2.316357868736957596e-04 1.719060508654493002e-01
2.332934615662797214e-04 1.719060508654493002e-01
2.349629992158943162e-04 1.719060508654493002e-01
2.366444847184181197e-04 1.719060508654493002e-01
2.383380035772773300e-04 1.719060508654493002e-01
2.400436419077934451e-04 1.719060508654493002e-01
2.417614864415623557e-04 1.719060508654493002e-01
2.434916245308645273e-04 1.719060508654493002e-01
2.452341441531069219e-04 1.719060508654493002e-01
2.469891339152966879e-04 1.719060508654493002e-01
2.487566830585466156e-04 1.719060508654493002e-01
2.505368814626132831e-04 1.719060508654493002e-01
2.523298196504673743e-04 1.719060508654493002e-01
2.541355887928967139e-04 1.719060508654493002e-01
2.559542807131422616e-04 1.719060508654493002e-01
2.577859878915674452e-04 1.719060508654493002e-01
2.596308034703605628e-04 1.719060508654493002e-01
2.614888212582714452e-04 1.719060508654493002e-01
2.633601357353811860e-04 1.719060508654493002e-01
2.652448420579066758e-04 1.719060508654493002e-01
2.671430360630392331e-04 1.719060508654493002e-01
2.690548142738180938e-04 1.719060508654493002e-01
2.709802739040383232e-04 1.719060508654493002e-01
2.729195128631942352e-04 1.719060508654493002e-01
2.748726297614581039e-04 1.719060508654493002e-01
2.768397239146945434e-04 1.719060508654493002e-01
2.788208953495106683e-04 1.719060508654493002e-01
2.808162448083424104e-04 1.719060508654493002e-01
2.828258737545772121e-04 1.719060508654493002e-01
2.848498843777135274e-04 1.719060508654493002e-01
2.868883795985572942e-04 1.719060508654493002e-01
2.889414630744549994e-04 1.719060508654493002e-01
2.910092392045651234e-04 1.719060508654493002e-01
2.930918131351666653e-04 1.719060508654493002e-01
2.951892907650055606e-04 1.719060508654493002e-01
2.973017787506801847e-04 1.719060508654493002e-01
2.994293845120642606e-04 1.719060508654493002e-01
3.015722162377694492e-04 1.719060508654493002e-01
3.037303828906467540e-04 1.719060508654493002e-01
3.059039942133272272e-04 1.719060508654493002e-01
3.080931607338023050e-04 1.719060508654493002e-01
3.102979937710440396e-04 1.719060508654493002e-01
3.125186054406662618e-04 1.719060508654493002e-01
3.147551086606246648e-04 1.719060508654493002e-01
3.170076171569596608e-04 1.719060508654493002e-01
3.192762454695785394e-04 1.719060508654493002e-01
3.215611089580806153e-04 1.719060508654493002e-01
3.238623238076224361e-04 1.719060508654493002e-01
3.261800070348263051e-04 1.719060508654493002e-01
3.285142764937304372e-04 1.719060508654493002e-01
3.308652508817818316e-04 1.719060508654493002e-01
3.332330497458720260e-04 1.719060508654493002e-01
3.356177934884160548e-04 1.719060508654493002e-01
3.380196033734748852e-04 1.719060508654493002e-01
3.404386015329216543e-04 1.719060508654493002e-01
3.428749109726521955e-04 1.719060508654493002e-01
3.453286555788398016e-04 1.719060508654493002e-01
3.477999601242347098e-04 1.719060508654493002e-01
3.502889502745089615e-04 1.719060508654493002e-01
3.527957525946464733e-04 1.719060508654493002e-01
3.553204945553787523e-04 1.719060508654493002e-01
3.578633045396669614e-04 1.719060508654493002e-01
3.604243118492297926e-04 1.719060508654493002e-01
3.630036467111190444e-04 1.719060508654493002e-01
3.656014402843410071e-04 1.719060508654493002e-01
3.682178246665265831e-04 1.719060508654493002e-01
3.708529329006478108e-04 1.719060508654493002e-01
3.735068989817833950e-04 1.719060508654493002e-01
3.761798578639323747e-04 1.719060508654493002e-01
3.788719454668764731e-04 1.719060508654493002e-01
3.815832986830915066e-04 1.719060508654493002e-01
3.843140553847085045e-04 1.719060508654493002e-01
3.870643544305243781e-04 1.719060508654493002e-01
3.898343356730631657e-04 1.719060508654493002e-01
3.926241399656869900e-04 1.719060508654493002e-01
3.954339091697588399e-04 1.719060508654493002e-01
3.982637861618562548e-04 1.719060508654493002e-01
4.011139148410364555e-04 1.719060508654493002e-01
4.039844401361533536e-04 1.719060508654493002e-01
4.068755080132278488e-04 1.719060508654493002e-01
4.097872654828693564e-04 1.719060508654493002e-01
4.127198606077519226e-04 1.719060508654493002e-01
4.156734425101429246e-04 1.719060508654493002e-01
4.186481613794860892e-04 1.719060508654493002e-01
4.216441684800382333e-04 1.719060508654493002e-01
4.246616161585616239e-04 1.719060508654493002e-01
4.277006578520703862e-04 1.719060508654493002e-01
4.307614480956327473e-04 1.719060508654493002e-01
4.338441425302293339e-04 1.719060508654493002e-01
4.369488979106676309e-04 1.719060508654493002e-01
4.400758721135524399e-04 1.719060508654493002e-01
4.432252241453143418e-04 1.719060508654493002e-01
4.463971141502951889e-04 1.719060508654493002e-01
4.495917034188910591e-04 1.719060508654493002e-01
4.528091543957540833e-04 1.719060508654493002e-01
4.560496306880528730e-04 1.719060508654493002e-01
4.593132970737917120e-04 1.719060508654493002e-01
4.626003195101896504e-04 1.719060508654493002e-01
4.659108651421192833e-04 1.719060508654493002e-01
4.692451023106063547e-04 1.719060508654493002e-01
4.726032005613891532e-04 1.719060508654493002e-01
4.759853306535410640e-04 1.719060508654493002e-01
4.793916645681525345e-04 1.719060508654493002e-01
4.828223755170769536e-04 1.719060508654493002e-01
4.862776379517384394e-04 1.719060508654493002e-01
4.897576275720023475e-04 1.719060508654493002e-01
4.932625213351095848e-04 1.719060508654493002e-01
4.967924974646754878e-04 1.719060508654493002e-01
5.003477354597520715e-04 1.719060508654493002e-01
5.039284161039549528e-04 1.744244764435558537e-01
5.075347214746570587e-04 1.769373806701355911e-01
5.111668349522474966e-04 1.794442152452756234e-01
5.148249412294550421e-04 1.819444169481224116e-01
5.185092263207411248e-04 1.844374072923750385e-01
5.222198775717581910e-04 1.869225921741724528e-01
5.259570836688757210e-04 1.893993615122104845e-01
5.297210346487757435e-04 1.918671350444477175e-01
5.335119219081156791e-04 1.943255044244098784e-01
5.373299382132608977e-04 1.967741014668780986e-01
5.411752777100870991e-04 1.992125529298360842e-01
5.450481359338522989e-04 2.016404804845764176e-01
5.489487098191400466e-04 2.040575006865730789e-01
5.528771977098733336e-04 2.064632249471564651e-01
5.568337993694007096e-04 2.088572595060327330e-01
5.608187159906539553e-04 2.112392054046867418e-01
5.648321502063783977e-04 2.136086584607132244e-01
5.688743060994374927e-04 2.159652364043515849e-01
5.729453892131900492e-04 2.183086626793757090e-01
5.770456065619421551e-04 2.206386891279302764e-01
5.811751666414736962e-04 2.229550695956939166e-01
5.853342794396405521e-04 2.252575601300718933e-01
5.895231564470526870e-04 2.275459191852515772e-01
5.937420106678271579e-04 2.298199078343039492e-01
5.979910566304212464e-04 2.320792899885291694e-01
6.022705103985399660e-04 2.343238326242390035e-01
6.065805895821233668e-04 2.365533060171800539e-01
6.109215133484117944e-04 2.387674964459386984e-01
6.152935024330906215e-04 2.409662448996253981e-01
6.196967791515142331e-04 2.431494118759200407e-01
6.241315674100115455e-04 2.453168655485269967e-01
6.285980927172711043e-04 2.474684821432785453e-01
6.330965821958081489e-04 2.496041463257931414e-01
6.376272645935139680e-04 2.517237516009914744e-01
6.421903702952876537e-04 2.538272007247783235e-01
6.467861313347512313e-04 2.559144061282083715e-01
6.514147814060484900e-04 2.579852903544589404e-01
6.560765558757280548e-04 2.600397767808436122e-01
6.607716917947122201e-04 2.620777600596995160e-01
6.655004279103506754e-04 2.640991342789930640e-01
6.702630046785610762e-04 2.661038028998254923e-01
6.750596642760557002e-04 2.680916791843133140e-01
6.798906506126566832e-04 2.700626866363675660e-01
6.847562093436985325e-04 2.720167594557079127e-01
6.896565878825195459e-04 2.739538430054517804e-01
6.945920354130430017e-04 2.758738942936323491e-01
6.995628029024483384e-04 2.777768824689995641e-01
7.045691431139323221e-04 2.796628064028065519e-01
7.096113106195623722e-04 2.815317478995627565e-01
7.146895618132209594e-04 2.833838236581671111e-01
7.198041549236443293e-04 2.852191692525044564e-01
7.249553500275526243e-04 2.870379398417315375e-01
7.301434090628746570e-04 2.888403109007419700e-01
7.353685958420682007e-04 2.906264789713220997e-01
7.406311760655337386e-04 2.923966624345152865e-01
7.459314173351264425e-04 2.941511023047311268e-01
7.512695891677629093e-04 2.958900630461449577e-01
7.566459630091261273e-04 2.976136924133968020e-01
7.620608122474693217e-04 2.993215871667610495e-01
7.675144122275166184e-04 3.010131951974467368e-01
7.730070402644647568e-04 3.026879533472596195e-01
7.785389756580848733e-04 3.043452872105881224e-01
7.841104997069243574e-04 3.059846109328990815e-01
7.897218957226110562e-04 3.076053270056750000e-01
7.953734490442601526e-04 3.092068260577344185e-01
8.010654470529823086e-04 3.107884866428667348e-01
8.067981791864988188e-04 3.123496750237165220e-01
8.125719369538577036e-04 3.138902306209627735e-01
8.183870139502580051e-04 3.154119646538696142e-01
8.242437058719792511e-04 3.169172778471663343e-01
8.301423105314165206e-04 3.184086886187046384e-01
8.360831278722252301e-04 3.198888367513900155e-01
8.420664599845724971e-04 3.213604871620037717e-01
8.480926111204997427e-04 3.228265337692718950e-01
8.541618877093908957e-04 3.242900034635910478e-01
8.602745983735580158e-04 3.257540601808782688e-01
8.664310539439327346e-04 3.272220090830666450e-01
8.726315674758717547e-04 3.286951525476999869e-01
8.788764542650767328e-04 3.301661645194754469e-01
8.851660318636260516e-04 3.316252084297141578e-01
8.915006200961232523e-04 3.330620278108465948e-01
8.978805410759589829e-04 3.344659337642300057e-01
9.043061192216915586e-04 3.358257921039776717e-01
9.107776812735433143e-04 3.371300101690082318e-01
9.172955563100147021e-04 3.383665232953438351e-01
9.238600757646185180e-04 3.395227809405019781e-01
9.304715734427332829e-04 3.405857324516372575e-01
9.371303855385767524e-04 3.415426122450688218e-01
9.438368506523020507e-04 3.423833930927485669e-01
9.505913098072149093e-04 3.430984948519536504e-01
9.573941064671148303e-04 3.436779921452895459e-01
9.642455865537602824e-04 3.441116046507821102e-01
9.711460984644587971e-04 3.443886871478950562e-01
9.780959930897827233e-04 3.444982193136904014e-01
9.850956238314125934e-04 3.444287952632218985e-01
9.921453466201063647e-04 3.441686128281083445e-01
9.992455199338003916e-04 3.437054625671022712e-01
1.006396504815835731e-03 3.430306898952145134e-01
1.013598664893319108e-03 3.421514461617347069e-01
1.020852366395612679e-03 3.410793697606995245e-01
1.028157978172954991e-03 3.398267158743347172e-01
1.035515871715220713e-03 3.384063760168378732e-01
1.042926421170807874e-03 3.368318980968004195e-01
1.050390003365663872e-03 3.351175070109129184e-01
1.057906997822448316e-03 3.332781257818904774e-01
1.065477786779829659e-03 3.313293972538575716e-01
1.073102755211924287e-03 3.292877063587378306e-01
1.080782290847870494e-03 3.271676712480090510e-01
1.088516784191544910e-03 3.249743533901275905e-01
1.096306628541421184e-03 3.227104861316304474e-01
1.104152220010567228e-03 3.203789576673014561e-01
1.112053957546787738e-03 3.179828160050785502e-01
1.120012242952912653e-03 3.155252740632680242e-01
1.128027480907225913e-03 3.130097149032933235e-01
1.136100078984045129e-03 3.104396971012888806e-01
1.144230447674447195e-03 3.078189602619185172e-01
1.152419000407139613e-03 3.051514306778864150e-01
1.160666153569485121e-03 3.024410227922286754e-01
1.168972326528674869e-03 2.996910145091155608e-01
1.177337941653052063e-03 2.969046348193454810e-01
1.185763424333590235e-03 2.940852684975239217e-01
1.194249203005524375e-03 2.912364609006112270e-01
1.202795709170136453e-03 2.883619228921672217e-01
1.211403377416697723e-03 2.854655358953361310e-01
1.220072645444567365e-03 2.825513570776865824e-01
1.228803954085447682e-03 2.796236246710918083e-01
1.237597747325804107e-03 2.766867634299077228e-01
1.246454472329439154e-03 2.737448306393703290e-01
1.255374579460230957e-03 2.707997948582291370e-01
1.264358522305034658e-03 2.678531342376959112e-01
1.273406757696748156e-03 2.649063859254129905e-01
1.282519745737539405e-03 2.619611477640834130e-01
1.291697949822245882e-03 2.590190800331557130e-01
1.300941836661935599e-03 2.560819072345829617e-01
1.310251876307640725e-03 2.531514199237071550e-01
1.319628542174258821e-03 2.502294765863362080e-01
1.329072311064626900e-03 2.473180055631112040e-01
1.338583663193765923e-03 2.444188041434731118e-01
1.348163082213300282e-03 2.415329144666032712e-01
1.357811055236050543e-03 2.386612029253615541e-01
1.367528072860804862e-03 2.358045592848611038e-01
1.377314629197264094e-03 2.329638972281928011e-01
1.387171221891167960e-03 2.301401549143404779e-01
1.397098352149600976e-03 2.273342955485565253e-01
1.407096524766477058e-03 2.245473079654702331e-01
1.417166248148210399e-03 2.217802072252091639e-01
1.427308034339566092e-03 2.190340352228203336e-01
1.437522399049698555e-03 2.163097371507034239e-01
1.447809861678375559e-03 2.136077789530925752e-01
1.458170945342387873e-03 2.109285013000745390e-01
1.468606176902153204e-03 2.082722408120429025e-01
1.479116086988502060e-03 2.056393297410912258e-01
1.489701210029665060e-03 2.030300956417155356e-01
1.500362084278446077e-03 2.004448610305418765e-01
1.511099251839592488e-03 1.978839430347801021e-01
1.521913258697362315e-03 1.953476530291010926e-01
1.532804654743286088e-03 1.928362962606254283e-01
1.543773993804129722e-03 1.903501413951750598e-01
1.554821833670055799e-03 1.878893273266658004e-01
1.565948736122988252e-03 1.854539483246196718e-01
1.577155266965177835e-03 1.830440828026844435e-01
1.588441996047973816e-03 1.806597926373230967e-01
1.599809497300800796e-03 1.783011224663275940e-01
1.611258348760342398e-03 1.759680989666376205e-01
1.622789132599935505e-03 1.736607301109328039e-01
1.634402435159172879e-03 1.713790044024555148e-01
1.646098846973717859e-03 1.691228900875071939e-01
1.657878962805335457e-03 1.668923424497163466e-01
1.669743381672132709e-03 1.646873279886608976e-01
1.681692706879021936e-03 1.625078004985051061e-01
1.693727546048396293e-03 1.603536923157862504e-01
1.705848511151028231e-03 1.582249134766613163e-01
1.718056218537188920e-03 1.561213508498825453e-01
1.730351288967987540e-03 1.540428672448857783e-01
1.742734347646940005e-03 1.519893004943602133e-01
1.755206024251757544e-03 1.499604625106554789e-01
1.767766952966368186e-03 1.479561383153626675e-01
1.780417772513161580e-03 1.459761154321763399e-01
1.793159126185472560e-03 1.440202766523301092e-01
1.805991661880289138e-03 1.420885124967369295e-01
1.818916032131199460e-03 1.401806906221540749e-01
1.831932894141572940e-03 1.382966549506960963e-01
1.845042909817977981e-03 1.364362247745389833e-01
1.858246745803841674e-03 1.345991938351877304e-01
1.871545073513346952e-03 1.327853293766667608e-01
1.884938569165574979e-03 1.309943711719762094e-01
1.898427913818890407e-03 1.292260305221412109e-01
1.912013793405573179e-03 1.274800278934320463e-01
1.925696898766698396e-03 1.257562111907369329e-01
1.939477925687264686e-03 1.240544446378673143e-01
1.953357574931576489e-03 1.223745701153236831e-01
1.967336552278875928e-03 1.207164063227785383e-01
1.981415568559232940e-03 1.190797479178185431e-01
1.995595339689690620e-03 1.174643646303466238e-01
2.009876586710669481e-03 1.158700003520327648e-01
2.024260035822633003e-03 1.142963722001861665e-01
2.038746418423012085e-03 1.127431695554074603e-01
2.053336471143400992e-03 1.112100939890039025e-01
2.068030935887012201e-03 1.096969845225068407e-01
2.082830559866401428e-03 1.082037001464506154e-01
2.097736095641465886e-03 1.067300790167122204e-01
2.112748301157710111e-03 1.052759376801225277e-01
2.127867939784787617e-03 1.038410702781905615e-01
2.143095780355317934e-03 1.024252477283904977e-01
2.158432597203983807e-03 1.010282168824485211e-01
2.173879170206903782e-03 9.964969966105154120e-02
2.189436284821288849e-03 9.828939216438759008e-02
2.205104732125385322e-03 9.694700342696901951e-02
2.220885308858696998e-03 9.562237690402346224e-02
2.236778817462503101e-03 9.431537661987786370e-02
2.252786066120662008e-03 9.302584765732299643e-02
2.268907868800703817e-03 9.175361545714154354e-02
2.285145045295225181e-03 9.049848509787462858e-02
2.301498421263572982e-03 8.926024055532971735e-02
2.317968828273828108e-03 8.803864394132172866e-02
2.334557103845094975e-03 8.683343472112627082e-02
2.351264091490084217e-03 8.564432890911295726e-02
2.368090640758007629e-03 8.447105513219339834e-02
2.385037607277779720e-03 8.331346763005882672e-02
2.402105852801521540e-03 8.217144040388875414e-02
2.419296245248385435e-03 8.104483049906936742e-02
2.436609658748685112e-03 7.993347738011166714e-02
2.454046973688348791e-03 7.883720228795378093e-02
2.471609076753681581e-03 7.775580757920610986e-02
2.489296860976460482e-03 7.668907604688500468e-02
2.507111225779336868e-03 7.563677022217284163e-02
2.525053077021578978e-03 7.459863165672825369e-02
2.543123327045132293e-03 7.357441365568800906e-02
2.561322894721008644e-03 7.256398381613025916e-02
2.579652705496016628e-03 7.156722800093862080e-02
2.598113691439817279e-03 7.058401703865092858e-02
2.616706791292320190e-03 6.961420617031675862e-02
2.635432950511418324e-03 6.865763448077856490e-02
2.654293121321064583e-03 6.771412431398479703e-02
2.673288262759691836e-03 6.678348067193452808e-02
2.692419340728981637e-03 6.586549059684411456e-02
2.711687328042978583e-03 6.495992253611576617e-02
2.731093204477557691e-03 6.406655562040600160e-02
2.750637956820247820e-03 6.318527136463872318e-02
2.770322578920407248e-03 6.231596780509268685e-02
2.790148071739763543e-03 6.145852972870222142e-02
2.810115443403309043e-03 6.061282818621902685e-02
2.830225709250567580e-03 5.977871999167112815e-02
2.850479891887223310e-03 5.895604720777442020e-02
2.870879021237116892e-03 5.814463661694500157e-02
2.891424134594621984e-03 5.734429917755115569e-02
2.912116276677388649e-03 5.655482946503669756e-02
2.932956499679467959e-03 5.577603161829439160e-02
2.953945863324816071e-03 5.500780059733181154e-02
2.975085434921180376e-03 5.425004610676446154e-02
2.996376289414372490e-03 5.350266622112784254e-02
3.017819509442930693e-03 5.276554695790179605e-02
3.039416185393169646e-03 5.203856183852031969e-02
3.061167415454627786e-03 5.132157143706528313e-02
3.083074305675907647e-03 5.061442291633524992e-02
3.105137970020923396e-03 4.991694955097318587e-02
3.127359530425542159e-03 4.922897023732991650e-02
3.149740116854634741e-03 4.855031235118061061e-02
3.172280867359536169e-03 4.788088332779312506e-02
3.194982928135911733e-03 4.722060365046153868e-02
3.217847453582044995e-03 4.656938362015508592e-02
3.240875606357536496e-03 4.592712298190604336e-02
3.264068557442426598e-03 4.529371054068694058e-02
3.287427486196737268e-03 4.466902376651304268e-02
3.310953580420444940e-03 4.405292838850022319e-02
3.334648036413879243e-03 4.344527797760158044e-02
3.358512059038553255e-03 4.284591351773997525e-02
3.382546861778433934e-03 4.225468346827234573e-02
3.406753666801644060e-03 4.167150658777072497e-02
3.431133705022612179e-03 4.109631312268420544e-02
3.455688216164663155e-03 4.052902442063286564e-02
3.480418448823057159e-03 3.996955260401005572e-02
3.505325660528484447e-03 3.941780023440356884e-02
3.530411117811005535e-03 3.887365996760522302e-02
3.555676096264458012e-03 3.833701419897252854e-02
3.581121880611318285e-03 3.780773469890146704e-02
3.606749764768030827e-03 3.728568223816288579e-02
3.632561051910803643e-03 3.677072413886040697e-02
3.658557054541876439e-03 3.626278923256359699e-02
3.684739094556252828e-03 3.576181641330750810e-02
3.711108503308930412e-03 3.526773680408044898e-02
3.737666621682594458e-03 3.478047347188077676e-02
3.764414800155799906e-03 3.429994113475922507e-02
3.791354398871646901e-03 3.382604586064570651e-02
3.818486787706940749e-03 3.335868475775487924e-02
3.845813346341852776e-03 3.289774565635946585e-02
3.873335464330075143e-03 3.244310678171572621e-02
3.901054541169479608e-03 3.199465213843743355e-02
3.928971986373284118e-03 3.155231968147059751e-02
3.957089219541722047e-03 3.111605622535858554e-02
3.985407670434234009e-03 3.068580181502763085e-02
4.013928779042167522e-03 3.026148947754595669e-02
4.042653995662001849e-03 2.984304496690097508e-02
4.071584780969094569e-03 2.943038650161880487e-02
4.100722606091957226e-03 2.902342449504725225e-02
4.130068952687063547e-03 2.862206127811812995e-02
4.159625313014189349e-03 2.822619081440127381e-02
4.189393190012292816e-03 2.783571193666082091e-02
4.219374097375944675e-03 2.745056980014120782e-02
4.249569559632294415e-03 2.707071707279167308e-02
4.279981112218591600e-03 2.669610048058257759e-02
4.310610301560264916e-03 2.632666058990042884e-02
4.341458685149561514e-03 2.596233158382540290e-02
4.372527831624737141e-03 2.560304103213773691e-02
4.403819320849828266e-03 2.524870965489575680e-02
4.435334743994981052e-03 2.489925107942486671e-02
4.467075703617373605e-03 2.455457159055265959e-02
4.499043813742692466e-03 2.421458247925789217e-02
4.531240699947216254e-03 2.387923868127853413e-02
4.563667999440470906e-03 2.354850263513751096e-02
4.596327361148481658e-03 2.322233176396388751e-02
4.629220445797622638e-03 2.290067829077627876e-02
4.662348925999066675e-03 2.258348904856284298e-02
4.695714486333830116e-03 2.227070528502722926e-02
4.729318823438441281e-03 2.196226246186653783e-02
4.763163646091210859e-03 2.165809004844451366e-02
4.797250675299122476e-03 2.135811130971967606e-02
4.831581644385349490e-03 2.106225073795951405e-02
4.866158299077390226e-03 2.077045743705015213e-02
4.900982397595838973e-03 2.048268312368682620e-02
4.936055710743794504e-03 2.019887446308419113e-02
4.971380021996899164e-03 1.991897288750945488e-02
5.006957127594041483e-03 1.964291440974886421e-02
5.042788836628667691e-03 1.937062943138117069e-02
5.078876971140813996e-03 1.910204254572772306e-02
5.115223366209714802e-03 1.883707233534737124e-02
5.151829870047155112e-03 1.857563116393912139e-02
5.188698344091416219e-03 1.831764551394574406e-02
5.225830663101963848e-03 1.806311919235562349e-02
5.263228715254744325e-03 1.781207462191360461e-02
5.300894402238237081e-03 1.756453265396999350e-02
5.338829639350112580e-03 1.732051249563541784e-02
5.377036355594672599e-03 1.708003163473493027e-02
5.415516493780887265e-03 1.684310576250542049e-02
5.454272010621242193e-03 1.660974869397681408e-02
5.493304876831183250e-03 1.637997228597840374e-02
5.532617077229375763e-03 1.615378635270792521e-02
5.572210610838589963e-03 1.593115878177105843e-02
5.612087490987391347e-03 1.571189262371783593e-02
5.652249745412476351e-03 1.549573925006345748e-02
5.692699416361826810e-03 1.528243690104310985e-02
5.733438560698515818e-03 1.507171026780796362e-02
5.774469250005336701e-03 1.486327006350277036e-02
5.815793570690112012e-03 1.465681258295455959e-02
5.857413624091797888e-03 1.445201925069386495e-02
5.899331526587359500e-03 1.424855615702450180e-02
5.941549409699342123e-03 1.404607358185130765e-02
5.984069420204312165e-03 1.384432229848438743e-02
6.026893720241967810e-03 1.364351351530980298e-02
6.070024487425135229e-03 1.344398600539279884e-02
6.113463914950448275e-03 1.324609217375906887e-02
6.157214211709926763e-03 1.305019845515228288e-02
6.201277602403242571e-03 1.285668572196104267e-02
6.245656327650898204e-03 1.266594970255729979e-02
6.290352644108114857e-03 1.247840141029583731e-02
6.335368824579628612e-03 1.229446758342827607e-02
6.380707158135214344e-03 1.211459113619264838e-02
6.426369950226136843e-03 1.193911261632162740e-02
6.472359522802329651e-03 1.176790340786058008e-02
6.518678214430515851e-03 1.160070486919862094e-02
6.565328380413077390e-03 1.143724438443668653e-02
6.612312392907869832e-03 1.127723491691951484e-02
6.659632641048796042e-03 1.112037455087015736e-02
6.707291531067344388e-03 1.096634602083555211e-02
6.755291486414895415e-03 1.081481622864643131e-02
6.803634947886006042e-03 1.066543574758633747e-02
6.852324373742465710e-03 1.051783831345900512e-02
6.901362239838363007e-03 1.037171507714323634e-02
6.950751039745924238e-03 1.022704483763856032e-02
7.000493284882339066e-03 1.008388070542731718e-02
7.050591504637483860e-03 9.942276932077359630e-03
7.101048246502492459e-03 9.802288932528487736e-03
7.151866076199353030e-03 9.663973307809832491e-03
7.203047577811316771e-03 9.527387868197356030e-03
7.254595353914357857e-03 9.392591656819392759e-03
7.306512025709452178e-03 9.259644973719770647e-03
7.358800233155929869e-03 9.128609400386844541e-03
7.411462635105651835e-03 8.999531657091119213e-03
7.464501909438276545e-03 8.872393731974683243e-03
7.517920753197365573e-03 8.747158915257171805e-03
7.571721882727592418e-03 8.623787524389319240e-03
7.625908033812808275e-03 8.502236800965108296e-03
7.680481961815211964e-03 8.382460804793358256e-03
7.735446441815403695e-03 8.264410305058774928e-03
7.790804268753556867e-03 8.148032668499666578e-03
7.846558257571481509e-03 8.033271744528912295e-03
7.902711243355819634e-03 7.920067747221981591e-03
7.959266081482157390e-03 7.808367276800976323e-03
8.016225647760274325e-03 7.698154497382298130e-03
8.073592838580315525e-03 7.589422146064759428e-03
8.131370571060142494e-03 7.482161553113749440e-03
8.189561783193599967e-03 7.376362588698629798e-03
8.248169433999976222e-03 7.272013608115097255e-03
8.307196503674415741e-03 7.169101395454693069e-03
8.366645993739483742e-03 7.067611105682020112e-03
8.426520927197820102e-03 6.967526205079736107e-03
8.486824348685799435e-03 6.868828410020467665e-03
8.547559324628415875e-03 6.771499239417164313e-03
8.608728943395146244e-03 6.675524935424802242e-03
8.670336315457062223e-03 6.580891800021017486e-03
8.732384573544922646e-03 6.487584558121777326e-03
8.794876872808551210e-03 6.395586300335047610e-03
8.857816390977197793e-03 6.304878424110438480e-03
8.921206328521199061e-03 6.215440573244139684e-03
8.985049908814655636e-03 6.127250575698499173e-03
9.049350378299399894e-03 6.040284379693617624e-03
9.114111006650020205e-03 5.954515988028328925e-03
9.179335086940186225e-03 5.869920947976439360e-03
9.245025935810032361e-03 5.786487260694901311e-03
9.311186893634878711e-03 5.704205186721038323e-03
9.377821324695022331e-03 5.623063718562814478e-03
9.444932617346872908e-03 5.543050534106173238e-03
9.512524184195188248e-03 5.464151948711126576e-03
9.580599462266674998e-03 5.386352865963369221e-03
9.649161913184680500e-03 5.309636727047995983e-03
9.718215023345307124e-03 5.233985458710519248e-03
9.787762304094596924e-03 5.159379419770194694e-03
9.857807291907180400e-03 5.085799803015516284e-03
9.928353548566014666e-03 5.013236161054780531e-03
9.999404661343592668e-03 4.941679356777197232e-03
1.007096424318426262e-02 4.871119118108516166e-03
1.014303593288800633e-02 4.801543996493986416e-03
1.021562339529547697e-02 4.732941324214657783e-03
1.028873032147430144e-02 4.665297170507790719e-03
1.036236042890683814e-02 4.598596296461217488e-03
1.043651746167914215e-02 4.532822108651250910e-03
1.051120519067142746e-02 4.467956611492462926e-03
1.058642741374973308e-02 4.403982688168843820e-03
1.066218795595912788e-02 4.340891240815335922e-03
1.073849066971813669e-02 4.278674508623223939e-03
1.081533943501470155e-02 4.217323752394721431e-03
1.089273815960341805e-02 4.156829218702559441e-03
1.097069077920431561e-02 4.097180103041765838e-03
1.104920125770289877e-02 4.038364511948609389e-03
1.112827358735181404e-02 3.980369424060552393e-03
1.120791178897374667e-02 3.923180650090991525e-03
1.128811991216598434e-02 3.866782791691392596e-03
1.136890203550624569e-02 3.811161171778248286e-03
1.145026226676016182e-02 3.756307878908635503e-03
1.153220474309006247e-02 3.702216109207181419e-03
1.161473363126545519e-02 3.648878205111594306e-03
1.169785312787480040e-02 3.596285624114959212e-03
1.178156745953900728e-02 3.544428906629210584e-03
1.186588088312625321e-02 3.493297642948006709e-03
1.195079768596855885e-02 3.442880439286161425e-03
1.203632218607969366e-02 3.393164882872791097e-03
1.212245873237480231e-02 3.344137506074324872e-03
1.220921170489156632e-02 3.295785480205780382e-03
1.229658551501285231e-02 3.248101918845698079e-03
1.238458460569113150e-02 3.201080913909742399e-03
1.247321345167429554e-02 3.154715815167836654e-03
1.256247655973330435e-02 3.108999203067729176e-03
1.265237846889124586e-02 3.063922860794664020e-03
1.274292375065426246e-02 3.019477745547811433e-03
1.283411700924389290e-02 2.975653959014016182e-03
1.292596288183130507e-02 2.932440717018596540e-03
1.301846603877299807e-02 2.889826318332794439e-03
1.311163118384838476e-02 2.847799631215865417e-03
1.320546305449888172e-02 2.806354747148961677e-03
1.329996642206890747e-02 2.765486625516398820e-03
1.339514609204840029e-02 2.725189584277155561e-03
1.349100690431728755e-02 2.685457276448405001e-03
1.358755373339147997e-02 2.646282665927770627e-03
1.368479148867085202e-02 2.607658002637519654e-03
1.378272511468877845e-02 2.569574796973880804e-03
1.388135959136366573e-02 2.532023793543929351e-03
1.398069993425207422e-02 2.494994944172385185e-03
1.408075119480387688e-02 2.458478639546720756e-03
1.418151846061899667e-02 2.422469567408166904e-03
1.428300685570624111e-02 2.386963099428378050e-03
1.438522154074374504e-02 2.351954038255280738e-03
1.448816771334144118e-02 2.317436596720304654e-03
1.459185060830540427e-02 2.283404376461550030e-03
1.469627549790392292e-02 2.249850345948266415e-03
1.480144769213573470e-02 2.216766817891530333e-03
1.490737253899990233e-02 2.184145426025930429e-03
1.501405542476788417e-02 2.151977101246371760e-03
1.512150177425730831e-02 2.120253432184682468e-03
1.522971705110794452e-02 2.088970914683886682e-03
1.533870675805940054e-02 2.058126984331157781e-03
1.544847643723107344e-02 2.027718644929977880e-03
1.555903167040382715e-02 1.997742452308994780e-03
1.567037807930396140e-02 1.968194497671864589e-03
1.578252132588894158e-02 1.939070390476684827e-03
1.589546711263544604e-02 1.910365240833011543e-03
1.600922118282919332e-02 1.882073641404509966e-03
1.612378932085713548e-02 1.854189648804682733e-03
1.623917735250145558e-02 1.826706877968749991e-03
1.635539114523592782e-02 1.799618832765713600e-03
1.647243660852416511e-02 1.772918562822488981e-03
1.659031969412024313e-02 1.746598532558980019e-03
1.670904639637119798e-02 1.720650600766318638e-03
1.682862275252198711e-02 1.695065999621002883e-03
1.694905484302235144e-02 1.669835313121019503e-03
1.707034879183613740e-02 1.644948454929469556e-03
1.719251076675253759e-02 1.620394645611109973e-03
1.731554697969991258e-02 1.596162389246650465e-03
1.743946368706150371e-02 1.572245227009457782e-03
1.756426718999363340e-02 1.548659543226920017e-03
1.768996383474617101e-02 1.525428098756895787e-03
1.781656001298512204e-02 1.502574394955743468e-03
1.794406216211778121e-02 1.480122693431618498e-03
1.807247676561993255e-02 1.458098036279939676e-03
1.820181035336566888e-02 1.436526266812144246e-03
1.833206950195930690e-02 1.415434050789312346e-03
1.846326083506993898e-02 1.394848898172307543e-03
1.859539102376810485e-02 1.374799185400513851e-03
1.872846678686516941e-02 1.355307391674753651e-03
1.886249489125480655e-02 1.336369177827759257e-03
1.899748215225726539e-02 1.317972722665128413e-03
1.913343543396577029e-02 1.300105337152621327e-03
1.927036164959569989e-02 1.282753434920938431e-03
1.940826776183599695e-02 1.265902501964775257e-03
1.954716078320334685e-02 1.249537065516158904e-03
1.968704777639862513e-02 1.233640662071719104e-03
1.982793585466618644e-02 1.218195804552960103e-03
1.996983218215541908e-02 1.203183948578214488e-03
2.011274397428519656e-02 1.188586124697936595e-03
2.025667849811060850e-02 1.174384960918601305e-03
2.040164307269268576e-02 1.160562748458619699e-03
2.054764506947037717e-02 1.147100756714513172e-03
2.069469191263556551e-02 1.133979200118503386e-03
2.084279107951044277e-02 1.121177204107416626e-03
2.099195010092778577e-02 1.108672770181074949e-03
2.114217656161397618e-02 1.096442740027899843e-03
2.129347810057451856e-02 1.084462758694932629e-03
2.144586241148267389e-02 1.072707236778880141e-03
2.159933724307048011e-02 1.061154573321110989e-03
2.175391039952298544e-02 1.049803354565152606e-03
2.190958974087488589e-02 1.038657339861687743e-03
2.206638318341039642e-02 1.027720310627243307e-03
2.222429870006560962e-02 1.016996069608154573e-03
2.238334432083411568e-02 1.006488440108561618e-03
2.254352813317512041e-02 9.962012651814147485e-04
2.270485828242489387e-02 9.861384067813229373e-04
2.286734297221076559e-02 9.763037448781578323e-04
2.303099046486846782e-02 9.667011765301934982e-04
2.319580908186209128e-02 9.573340336314587352e-04
2.336180720420741319e-02 9.482032879503088894e-04
2.352899327289788636e-02 9.393092042304291601e-04
2.369737578933404920e-02 9.306519035118514943e-04
2.386696331575564184e-02 9.222313573061218916e-04
2.403776447567715704e-02 9.140473816023765141e-04
2.420978795432619790e-02 9.060996307000528929e-04
2.438304249908527718e-02 8.983875908638058565e-04
2.455753691993644780e-02 8.909105737961373062e-04
2.473328008990946861e-02 8.836677099230983703e-04
2.491028094553283598e-02 8.766587244900214638e-04
2.508854848728828829e-02 8.698863469465093357e-04
2.526809178006853354e-02 8.633540754599661714e-04
2.544891995363804046e-02 8.570654091173271006e-04
2.563104220309747605e-02 8.510238465032156276e-04
2.581446778935108169e-02 8.452328842240277793e-04
2.599920603957779630e-02 8.396960153763861640e-04
2.618526634770531811e-02 8.344167279584330504e-04
2.637265817488802094e-02 8.293985032223351837e-04
2.656139104998781961e-02 8.246448139663804366e-04
2.675147457005893140e-02 8.201593020604971583e-04
2.694291840083568035e-02 8.159463299514791270e-04
2.713573227722420461e-02 8.120104685434628711e-04
2.732992600379726203e-02 8.083563211366875381e-04
2.752550945529300824e-02 8.049885228340791701e-04
2.772249257711691117e-02 8.019117399139919335e-04
2.792088538584769006e-02 7.991306691680457371e-04
2.812069796974644292e-02 7.966500372029942500e-04
2.832194048926985064e-02 7.944745997054997611e-04
2.852462317758660409e-02 7.926091406686990200e-04
2.872875634109801901e-02 7.910584427646176952e-04
2.893435035996183569e-02 7.898271975631225442e-04
2.914141568862032780e-02 7.889200866346694112e-04
2.934996285633164823e-02 7.883418085909189594e-04
2.956000246770548387e-02 7.880970778702575241e-04
2.977154520324210019e-02 7.881906234716513958e-04
2.998460181987552473e-02 7.886271876353203366e-04
3.019918315152062688e-02 7.894115244687045308e-04
3.041530010962380931e-02 7.905483985161342302e-04
3.063296368371810213e-02 7.920425832705912939e-04
3.085218494198174385e-02 7.938984551778365244e-04
3.107297503180121365e-02 7.961187438260866178e-04
3.129534518033785795e-02 7.987056812090569677e-04
3.151930669509903082e-02 8.016613927046556398e-04
3.174487096451282520e-02 8.049878920171322063e-04
3.197204945850742192e-02 8.086870759665529176e-04
3.220085372909409910e-02 8.127607191216356568e-04
3.243129541095488705e-02 8.172104682719196845e-04
3.266338622203394243e-02 8.220378367351040185e-04
3.289713796413366170e-02 8.272441984953360361e-04
3.313256252351454156e-02 8.328304962423722880e-04
3.336967187149986885e-02 8.387963527391765692e-04
3.360847806508417135e-02 8.451408780834163918e-04
3.384899324754660904e-02 8.518629407564278335e-04
3.409122964906816794e-02 8.589611585482683637e-04
3.433519958735386374e-02 8.664338892265516625e-04
3.458091546825876883e-02 8.742792209425966250e-04
3.482838978641919492e-02 8.824949623683396929e-04
3.507763512588772670e-02 8.910786325572228649e-04
3.532866416077336952e-02 9.000274505221990493e-04
3.558148965588583956e-02 9.093384437486854615e-04
3.583612446738483615e-02 9.190088051355192571e-04
3.609258154343357450e-02 9.290355424035545099e-04
3.635087392485731456e-02 9.394153507032998191e-04
3.661101474580657350e-02 9.501446016283268984e-04
3.687301723442475143e-02 9.612193319255951099e-04
3.713689471352106530e-02 9.726352318951981537e-04
3.740266060124773639e-02 9.843876334717823872e-04
3.767032841178259012e-02 9.964714979798020011e-04
3.793991175601594407e-02 1.008881403554482900e-03
3.821142434224301943e-02 1.021611937000247968e-03
3.848487997686073081e-02 1.034658929743715542e-03
3.876029256507001336e-02 1.048018292321941563e-03
3.903767611158261153e-02 1.061685607343904915e-03
3.931704472133353001e-02 1.075656118369306465e-03
3.959841260019794640e-02 1.089924718484751656e-03
3.988179405571389696e-02 1.104485938569908310e-03
4.016720349780950050e-02 1.119333935245931614e-03
4.045465543953602472e-02 1.134462478498405539e-03
4.074416449780551841e-02 1.149864938966735752e-03
4.103574539413448047e-02 1.165534797666352212e-03
4.132941295539202531e-02 1.181467245964692254e-03
4.162518211455423778e-02 1.197657684164313719e-03
4.192306791146313549e-02 1.214101199764844622e-03
4.222308549359179985e-02 1.230792557164486723e-03
4.252525011681427408e-02 1.247726187084656144e-03
4.282957714618167155e-02 1.264896175711047004e-03
4.313608205670318302e-02 1.282296253544105025e-03
4.344478043413312063e-02 1.299919783951855329e-03
4.375568797576356167e-02 1.317759751417790564e-03
4.406882049122228667e-02 1.335809303434147685e-03
4.438419390327696945e-02 1.354063447733233486e-03
4.470182424864460602e-02 1.372517463181142277e-03
4.502172767880725790e-02 1.391166348841449320e-03
4.534392046083301347e-02 1.410004815040508033e-03
4.566841897820353435e-02 1.429027274195786117e-03
4.599523973164679203e-02 1.448227831401380315e-03
4.632439933997650056e-02 1.467600274764904516e-03
4.665591454093678814e-02 1.487138065489600333e-03
4.698980219205370346e-02 1.506834327695602939e-03
4.732607927149204419e-02 1.526682379347365061e-03
4.766476287891906194e-02 1.546677392312191405e-03
4.800587023637362810e-02 1.566814840777405737e-03
4.834941868914229696e-02 1.587089964294277102e-03
4.869542570664099623e-02 1.607497760552887428e-03
4.904390888330368431e-02 1.628032977968575656e-03
4.939488593947666956e-02 1.648690108075310384e-03
4.974837472232002816e-02 1.669463377721435663e-03
5.010439320671481594e-02 1.690346741062941603e-03
5.046295949617743415e-02 1.711333871349471521e-03
5.082409182377976842e-02 1.732418618054358669e-03
5.118780855307682176e-02 1.753596435023684454e-03
5.155412817904007211e-02 1.774863046779337353e-03
5.192306932899811572e-02 1.796213987373560146e-03
5.229465076358404824e-02 1.817644594807334450e-03
5.266889137768903523e-02 1.839150005306636974e-03
5.304581020142356412e-02 1.860725147453247018e-03
5.342542640108468438e-02 1.882364736166570714e-03
5.380775928013105391e-02 1.904063266533018856e-03
5.419282828016407788e-02 1.925815007479234021e-03
5.458065298191695780e-02 1.947614485020778387e-03
5.497125310624989547e-02 1.969457987025088810e-03
5.536464851515341540e-02 1.991342162757616958e-03
5.576085921275780732e-02 2.013263540364025172e-03
5.615990534635086073e-02 2.035218523646195512e-03
5.656180720740185824e-02 2.057203388760456622e-03
5.696658523259386098e-02 2.079214280836330989e-03
5.737426000486246097e-02 2.101247210513892006e-03
5.778485225444286721e-02 2.123298050397930212e-03
5.819838285992360444e-02 2.145362531426939397e-03
5.861487284930862185e-02 2.167436239155046476e-03
5.903434340108609790e-02 2.189514609944796970e-03
5.945681584530586317e-02 2.211592927068836700e-03
5.988231166466353311e-02 2.233666316718310903e-03
6.031085249559339084e-02 2.255729743915929446e-03
6.074246012936811157e-02 2.277778008331413952e-03
6.117715651320735498e-02 2.299805739997199186e-03
6.161496375139322718e-02 2.321807394921984388e-03
6.205590410639486715e-02 2.343777250599915398e-03
6.250000000000000000e-02 2.365709401412896540e-03
