4.999999999999999562e-05 1.760536752592890275e-01
5.035781921156419125e-05 1.760536752592890275e-01
5.071819911489168004e-05 1.760536752592890275e-01
5.108115803527661143e-05 1.760536752592890275e-01
5.144671442915598668e-05 1.760536752592890275e-01
5.181488688504816463e-05 1.760536752592890275e-01
5.218569412449808271e-05 1.760536752592890275e-01
5.255915500302925418e-05 1.760536752592890275e-01
5.293528851110254168e-05 1.760536752592890275e-01
5.331411377508185612e-05 1.760536752592890275e-01
5.369565005820673342e-05 1.760536752592890275e-01
5.407991676157182314e-05 1.760536752592890275e-01
5.446693342511349208e-05 1.760536752592890275e-01
5.485671972860339395e-05 1.760536752592890275e-01
5.524929549264913375e-05 1.760536752592890275e-01
5.564468067970227089e-05 1.760536752592890275e-01
5.604289539507332211e-05 1.760536752592890275e-01
5.644395988795412352e-05 1.760536752592890275e-01
5.684789455244750414e-05 1.760536752592890275e-01
5.725471992860433208e-05 1.760536752592890275e-01
5.766445670346797393e-05 1.760536752592890275e-01
5.807712571212622833e-05 1.760536752592890275e-01
5.849274793877078126e-05 1.760536752592890275e-01
5.891134451776426428e-05 1.760536752592890275e-01
5.933293673471492922e-05 1.760536752592890275e-01
5.975754602755902080e-05 1.760536752592890275e-01
6.018519398765086062e-05 1.760536752592890275e-01
6.061590236086085253e-05 1.760536752592890275e-01
6.104969304868116558e-05 1.760536752592890275e-01
6.148658810933948073e-05 1.760536752592890275e-01
6.192660975892060472e-05 1.760536752592890275e-01
6.236978037249620878e-05 1.760536752592890275e-01
6.281612248526260392e-05 1.760536752592890275e-01
6.326565879368652580e-05 1.760536752592890275e-01
6.371841215665945764e-05 1.760536752592890275e-01
6.417440559665982724e-05 1.760536752592890275e-01
6.463366230092378267e-05 1.760536752592890275e-01
6.509620562262424857e-05 1.760536752592890275e-01
6.556205908205845281e-05 1.760536752592890275e-01
6.603124636784376081e-05 1.760536752592890275e-01
6.650379133812265784e-05 1.760536752592890275e-01
6.697971802177540206e-05 1.760536752592890275e-01
6.745905061964227272e-05 1.760536752592890275e-01
6.794181350575407186e-05 1.760536752592890275e-01
6.842803122857148937e-05 1.760536752592890275e-01
6.891772851223343984e-05 1.760536752592890275e-01
6.941093025781428980e-05 1.760536752592890275e-01
6.990766154459007037e-05 1.760536752592890275e-01
7.040794763131371585e-05 1.760536752592890275e-01
7.091181395749950446e-05 1.760536752592890275e-01
7.141928614471670131e-05 1.760536752592890275e-01
7.193038999789230857e-05 1.760536752592890275e-01
7.244515150662332961e-05 1.760536752592890275e-01
7.296359684649828946e-05 1.760536752592890275e-01
7.348575238042835049e-05 1.760536752592890275e-01
7.401164465998768443e-05 1.760536752592890275e-01
7.454130042676379196e-05 1.760536752592890275e-01
7.507474661371729555e-05 1.760536752592890275e-01
7.561201034655134102e-05 1.760536752592890275e-01
7.615311894509108211e-05 1.760536752592890275e-01
7.669809992467281460e-05 1.760536752592890275e-01
7.724698099754319337e-05 1.760536752592890275e-01
7.779979007426828864e-05 1.760536752592890275e-01
7.835655526515303705e-05 1.760536752592890275e-01
7.891730488167026075e-05 1.760536752592890275e-01
7.948206743790092157e-05 1.760536752592890275e-01
8.005087165198334698e-05 1.760536752592890275e-01
8.062374644757413827e-05 1.760536752592890275e-01
8.120072095531860623e-05 1.760536752592890275e-01
8.178182451433214364e-05 1.760536752592890275e-01
8.236708667369214173e-05 1.760536752592890275e-01
8.295653719394054527e-05 1.760536752592890275e-01
8.355020604859716841e-05 1.760536752592890275e-01
8.414812342568387966e-05 1.760536752592890275e-01
8.475031972925958822e-05 1.760536752592890275e-01
8.535682558096632983e-05 1.760536752592890275e-01
8.596767182158641149e-05 1.760536752592890275e-01
8.658288951261060144e-05 1.760536752592890275e-01
8.720250993781766271e-05 1.760536752592890275e-01
8.782656460486502675e-05 1.760536752592890275e-01
8.845508524689113582e-05 1.760536752592890275e-01
8.908810382412887135e-05 1.760536752592890275e-01
8.972565252553084078e-05 1.760536752592890275e-01
9.036776377040621109e-05 1.760536752592890275e-01
9.101447021006914338e-05 1.760536752592890275e-01
9.166580472949915361e-05 1.760536752592890275e-01
9.232180044901327760e-05 1.760536752592890275e-01
9.298249072595033847e-05 1.760536752592890275e-01
9.364790915636708605e-05 1.760536752592890275e-01
9.431808957674638451e-05 1.760536752592890275e-01
9.499306606571828848e-05 1.760536752592890275e-01
9.567287294579225924e-05 1.760536752592890275e-01
9.635754478510320461e-05 1.760536752592890275e-01
9.704711639916856409e-05 1.760536752592890275e-01
9.774162285265914978e-05 1.760536752592890275e-01
9.844109946118202205e-05 1.760536752592890275e-01
9.914558179307628063e-05 1.760536752592890275e-01
9.985510567122171720e-05 1.760536752592890275e-01
1.005697071748604376e-04 1.760536752592890275e-01
1.012894226414314675e-04 1.760536752592890275e-01
1.020142886684184496e-04 1.760536752592890275e-01
1.027443421152107717e-04 1.760536752592890275e-01
1.034796201049777186e-04 1.760536752592890275e-01
1.042201600265562440e-04 1.760536752592890275e-01
1.049659995363521735e-04 1.760536752592890275e-01
1.057171765602550817e-04 1.760536752592890275e-01
1.064737292955667626e-04 1.760536752592890275e-01
1.072356962129435506e-04 1.760536752592890275e-01
1.080031160583526145e-04 1.760536752592890275e-01
1.087760278550421289e-04 1.760536752592890275e-01
1.095544709055256620e-04 1.760536752592890275e-01
1.103384847935806183e-04 1.760536752592890275e-01
1.111281093862611952e-04 1.760536752592890275e-01
1.119233848359254342e-04 1.760536752592890275e-01
1.127243515822771671e-04 1.760536752592890275e-01
1.135310503544222999e-04 1.760536752592890275e-01
1.143435221729397747e-04 1.760536752592890275e-01
1.151618083519676694e-04 1.760536752592890275e-01
1.159859505013038396e-04 1.760536752592890275e-01
1.168159905285218745e-04 1.760536752592890275e-01
1.176519706411020149e-04 1.760536752592890275e-01
1.184939333485774673e-04 1.760536752592890275e-01
1.193419214646960450e-04 1.760536752592890275e-01
1.201959781095971244e-04 1.760536752592890275e-01
1.210561467120043898e-04 1.760536752592890275e-01
1.219224710114341767e-04 1.760536752592890275e-01
1.227949950604195772e-04 1.760536752592890275e-01
1.236737632267505510e-04 1.760536752592890275e-01
1.245588201957300277e-04 1.760536752592890275e-01
1.254502109724460696e-04 1.760536752592890275e-01
1.263479808840605411e-04 1.760536752592890275e-01
1.272521755821137972e-04 1.760536752592890275e-01
1.281628410448462044e-04 1.760536752592890275e-01
1.290800235795361143e-04 1.760536752592890275e-01
1.300037698248544522e-04 1.760536752592890275e-01
1.309341267532365184e-04 1.760536752592890275e-01
1.318711416732702951e-04 1.760536752592890275e-01
1.328148622321023188e-04 1.760536752592890275e-01
1.337653364178603298e-04 1.760536752592890275e-01
1.347226125620934857e-04 1.760536752592890275e-01
1.356867393422302214e-04 1.760536752592890275e-01
1.366577657840532920e-04 1.760536752592890275e-01
1.376357412641927879e-04 1.760536752592890275e-01
1.386207155126369301e-04 1.760536752592890275e-01
1.396127386152608632e-04 1.760536752592890275e-01
1.406118610163735276e-04 1.760536752592890275e-01
1.416181335212825839e-04 1.760536752592890275e-01
1.426316072988781749e-04 1.760536752592890275e-01
1.436523338842345501e-04 1.760536752592890275e-01
1.446803651812308261e-04 1.760536752592890275e-01
1.457157534651901793e-04 1.760536752592890275e-01
1.467585513855381189e-04 1.760536752592890275e-01
1.478088119684796810e-04 1.760536752592890275e-01
1.488665886196957036e-04 1.760536752592890275e-01
1.499319351270587530e-04 1.760536752592890275e-01
1.510049056633679153e-04 1.760536752592890275e-01
1.520855547891037545e-04 1.760536752592890275e-01
1.531739374552025686e-04 1.760536752592890275e-01
1.542701090058506497e-04 1.760536752592890275e-01
1.553741251812985750e-04 1.760536752592890275e-01
1.564860421206955548e-04 1.760536752592890275e-01
1.576059163649441372e-04 1.760536752592890275e-01
1.587338048595753493e-04 1.760536752592890275e-01
1.598697649576441137e-04 1.760536752592890275e-01
1.610138544226460500e-04 1.760536752592890275e-01
1.621661314314545247e-04 1.760536752592890275e-01
1.633266545772789238e-04 1.760536752592890275e-01
1.644954828726440945e-04 1.760536752592890275e-01
1.656726757523913356e-04 1.760536752592890275e-01
1.668582930767003670e-04 1.760536752592890275e-01
1.680523951341334171e-04 1.760536752592890275e-01
1.692550426447008587e-04 1.760536752592890275e-01
1.704662967629486645e-04 1.760536752592890275e-01
1.716862190810684407e-04 1.760536752592890275e-01
1.729148716320289556e-04 1.760536752592890275e-01
1.741523168927309236e-04 1.760536752592890275e-01
1.753986177871836097e-04 1.760536752592890275e-01
1.766538376897047974e-04 1.760536752592890275e-01
1.779180404281432276e-04 1.760536752592890275e-01
1.791912902871241038e-04 1.760536752592890275e-01
1.804736520113183135e-04 1.760536752592890275e-01
1.817651908087343645e-04 1.760536752592890275e-01
1.830659723540343088e-04 1.760536752592890275e-01
1.843760627918733562e-04 1.760536752592890275e-01
1.856955287402633408e-04 1.760536752592890275e-01
1.870244372939600932e-04 1.760536752592890275e-01
1.883628560278753986e-04 1.760536752592890275e-01
1.897108530005129138e-04 1.760536752592890275e-01
1.910684967574292122e-04 1.760536752592890275e-01
1.924358563347191957e-04 1.760536752592890275e-01
1.938130012625266052e-04 1.760536752592890275e-01
1.952000015685795503e-04 1.760536752592890275e-01
1.965969277817515711e-04 1.760536752592890275e-01
1.980038509356477452e-04 1.760536752592890275e-01
1.994208425722171138e-04 1.760536752592890275e-01
2.008479747453902889e-04 1.760536752592890275e-01
2.022853200247435137e-04 1.760536752592890275e-01
2.037329514991888268e-04 1.760536752592890275e-01
2.051909427806905713e-04 1.760536752592890275e-01
2.066593680080086300e-04 1.760536752592890275e-01
2.081383018504682505e-04 1.760536752592890275e-01
2.096278195117571653e-04 1.760536752592890275e-01
2.111279967337495185e-04 1.760536752592890275e-01
2.126389098003574941e-04 1.760536752592890275e-01
2.141606355414101849e-04 1.760536752592890275e-01
2.156932513365604877e-04 1.760536752592890275e-01
2.172368351192198357e-04 1.760536752592890275e-01
2.187914653805210388e-04 1.760536752592890275e-01
2.203572211733096926e-04 1.760536752592890275e-01
2.219341821161639121e-04 1.760536752592890275e-01
2.235224283974429323e-04 1.760536752592890275e-01
2.251220407793647115e-04 1.760536752592890275e-01
2.267331006021126719e-04 1.760536752592890275e-01
2.283556897879717416e-04 1.760536752592890275e-01
2.299898908454943468e-04 1.760536752592890275e-01
2.316357868736957596e-04 1.760536752592890275e-01
2.332934615662797214e-04 1.760536752592890275e-01
2.349629992158943162e-04 1.760536752592890275e-01
2.366444847184181197e-04 1.760536752592890275e-01
2.383380035772773300e-04 1.760536752592890275e-01
2.400436419077934451e-04 1.760536752592890275e-01
2.417614864415623557e-04 1.760536752592890275e-01
2.434916245308645273e-04 1.760536752592890275e-01
2.452341441531069219e-04 1.760536752592890275e-01
2.469891339152966879e-04 1.760536752592890275e-01
2.487566830585466156e-04 1.760536752592890275e-01
2.505368814626132831e-04 1.760536752592890275e-01
2.523298196504673743e-04 1.760536752592890275e-01
2.541355887928967139e-04 1.760536752592890275e-01
2.559542807131422616e-04 1.760536752592890275e-01
2.577859878915674452e-04 1.760536752592890275e-01
2.596308034703605628e-04 1.760536752592890275e-01
2.614888212582714452e-04 1.760536752592890275e-01
2.633601357353811860e-04 1.760536752592890275e-01
2.652448420579066758e-04 1.760536752592890275e-01
2.671430360630392331e-04 1.760536752592890275e-01
2.690548142738180938e-04 1.760536752592890275e-01
2.709802739040383232e-04 1.760536752592890275e-01
2.729195128631942352e-04 1.760536752592890275e-01
2.748726297614581039e-04 1.760536752592890275e-01
2.768397239146945434e-04 1.760536752592890275e-01
2.788208953495106683e-04 1.760536752592890275e-01
2.808162448083424104e-04 1.760536752592890275e-01
2.828258737545772121e-04 1.760536752592890275e-01
2.848498843777135274e-04 1.760536752592890275e-01
2.868883795985572942e-04 1.760536752592890275e-01
2.889414630744549994e-04 1.760536752592890275e-01
2.910092392045651234e-04 1.760536752592890275e-01
2.930918131351666653e-04 1.760536752592890275e-01
2.951892907650055606e-04 1.760536752592890275e-01
2.973017787506801847e-04 1.760536752592890275e-01
2.994293845120642606e-04 1.760536752592890275e-01
3.015722162377694492e-04 1.760536752592890275e-01
3.037303828906467540e-04 1.760536752592890275e-01
3.059039942133272272e-04 1.760536752592890275e-01
3.080931607338023050e-04 1.760536752592890275e-01
3.102979937710440396e-04 1.760536752592890275e-01
3.125186054406662618e-04 1.760536752592890275e-01
3.147551086606246648e-04 1.760536752592890275e-01
3.170076171569596608e-04 1.760536752592890275e-01
3.192762454695785394e-04 1.760536752592890275e-01
3.215611089580806153e-04 1.760536752592890275e-01
3.238623238076224361e-04 1.760536752592890275e-01
3.261800070348263051e-04 1.760536752592890275e-01
3.285142764937304372e-04 1.760536752592890275e-01
3.308652508817818316e-04 1.760536752592890275e-01
3.332330497458720260e-04 1.760536752592890275e-01
3.356177934884160548e-04 1.760536752592890275e-01
3.380196033734748852e-04 1.760536752592890275e-01
3.404386015329216543e-04 1.760536752592890275e-01
3.428749109726521955e-04 1.760536752592890275e-01
3.453286555788398016e-04 1.760536752592890275e-01
3.477999601242347098e-04 1.760536752592890275e-01
3.502889502745089615e-04 1.760536752592890275e-01
3.527957525946464733e-04 1.760536752592890275e-01
3.553204945553787523e-04 1.760536752592890275e-01
3.578633045396669614e-04 1.760536752592890275e-01
3.604243118492297926e-04 1.760536752592890275e-01
3.630036467111190444e-04 1.760536752592890275e-01
3.656014402843410071e-04 1.760536752592890275e-01
3.682178246665265831e-04 1.760536752592890275e-01
3.708529329006478108e-04 1.760536752592890275e-01
3.735068989817833950e-04 1.760536752592890275e-01
3.761798578639323747e-04 1.760536752592890275e-01
3.788719454668764731e-04 1.760536752592890275e-01
3.815832986830915066e-04 1.760536752592890275e-01
3.843140553847085045e-04 1.760536752592890275e-01
3.870643544305243781e-04 1.760536752592890275e-01
3.898343356730631657e-04 1.760536752592890275e-01
3.926241399656869900e-04 1.760536752592890275e-01
3.954339091697588399e-04 1.760536752592890275e-01
3.982637861618562548e-04 1.760536752592890275e-01
4.011139148410364555e-04 1.760536752592890275e-01
4.039844401361533536e-04 1.760536752592890275e-01
4.068755080132278488e-04 1.760536752592890275e-01
4.097872654828693564e-04 1.760536752592890275e-01
4.127198606077519226e-04 1.760536752592890275e-01
4.156734425101429246e-04 1.760536752592890275e-01
4.186481613794860892e-04 1.760536752592890275e-01
4.216441684800382333e-04 1.760536752592890275e-01
4.246616161585616239e-04 1.760536752592890275e-01
4.277006578520703862e-04 1.760536752592890275e-01
4.307614480956327473e-04 1.760536752592890275e-01
4.338441425302293339e-04 1.760536752592890275e-01
4.369488979106676309e-04 1.760536752592890275e-01
4.400758721135524399e-04 1.760536752592890275e-01
4.432252241453143418e-04 1.760536752592890275e-01
4.463971141502951889e-04 1.760536752592890275e-01
4.495917034188910591e-04 1.760536752592890275e-01
4.528091543957540833e-04 1.760536752592890275e-01
4.560496306880528730e-04 1.760536752592890275e-01
4.593132970737917120e-04 1.760536752592890275e-01
4.626003195101896504e-04 1.760536752592890275e-01
4.659108651421192833e-04 1.760536752592890275e-01
4.692451023106063547e-04 1.760536752592890275e-01
4.726032005613891532e-04 1.760536752592890275e-01
4.759853306535410640e-04 1.760536752592890275e-01
4.793916645681525345e-04 1.760536752592890275e-01
4.828223755170769536e-04 1.760536752592890275e-01
4.862776379517384394e-04 1.760536752592890275e-01
4.897576275720023475e-04 1.760536752592890275e-01
4.932625213351095848e-04 1.760536752592890275e-01
4.967924974646754878e-04 1.760536752592890275e-01
5.003477354597520715e-04 1.760536752592890275e-01
5.039284161039549528e-04 1.786029996110370666e-01
5.075347214746570587e-04 1.811461473234171060e-01
5.111668349522474966e-04 1.836824750632628511e-01
5.148249412294550421e-04 1.862113229652986313e-01
5.185092263207411248e-04 1.887321183912037126e-01
5.222198775717581910e-04 1.912444305056906768e-01
5.259570836688757210e-04 1.937478326133745543e-01
5.297210346487757435e-04 1.962418900324316429e-01
5.335119219081156791e-04 1.987261599736001583e-01
5.373299382132608977e-04 2.012001914175484685e-01
5.411752777100870991e-04 2.036635249905933143e-01
5.450481359338522989e-04 2.061156928387473941e-01
5.489487098191400466e-04 2.085562230325538891e-01
5.528771977098733336e-04 2.109847279323814606e-01
5.568337993694007096e-04 2.134009025237222357e-01
5.608187159906539553e-04 2.158044442447660805e-01
5.648321502063783977e-04 2.181950498832904706e-01
5.688743060994374927e-04 2.205724156930891355e-01
5.729453892131900492e-04 2.229362375151181519e-01
5.770456065619421551e-04 2.252862109034997062e-01
5.811751666414736962e-04 2.276220312565212234e-01
5.853342794396405521e-04 2.299433996504576805e-01
5.895231564470526870e-04 2.322500770904895595e-01
5.937420106678271579e-04 2.345418632385885827e-01
5.979910566304212464e-04 2.368185630861927571e-01
6.022705103985399660e-04 2.390799867987428440e-01
6.065805895821233668e-04 2.413259500165983173e-01
6.109215133484117944e-04 2.435562741655629970e-01
6.152935024330906215e-04 2.457707867772753185e-01
6.196967791515142331e-04 2.479693218197251414e-01
6.241315674100115455e-04 2.501517229757322380e-01
6.285980927172711043e-04 2.523178587235296866e-01
6.330965821958081489e-04 2.544676124066362899e-01
6.376272645935139680e-04 2.566008764371909279e-01
6.421903702952876537e-04 2.587175527075417092e-01
6.467861313347512313e-04 2.608175530239676410e-01
6.514147814060484900e-04 2.629007995534856645e-01
6.560765558757280548e-04 2.649672252840860609e-01
6.607716917947122201e-04 2.670167744983208413e-01
6.655004279103506754e-04 2.690493972452893678e-01
6.702630046785610762e-04 2.710650342164896420e-01
6.750596642760557002e-04 2.730636329686035868e-01
6.798906506126566832e-04 2.750451529638764381e-01
6.847562093436985325e-04 2.770095660758053469e-01
6.896565878825195459e-04 2.789568571097628125e-01
6.945920354130430017e-04 2.808870243389426924e-01
6.995628029024483384e-04 2.828000800560172556e-01
7.045691431139323221e-04 2.846960510228650487e-01
7.096113106195623722e-04 2.865749580692362186e-01
7.146895618132209594e-04 2.884367912333087314e-01
7.198041549236443293e-04 2.902815480810599924e-01
7.249553500275526243e-04 2.921092399499952696e-01
7.301434090628746570e-04 2.939198925067323387e-01
7.353685958420682007e-04 2.957135463208119264e-01
7.406311760655337386e-04 2.974902574551503975e-01
7.459314173351264425e-04 2.992500980735551819e-01
7.512695891677629093e-04 3.009931560152167562e-01
7.566459630091261273e-04 3.027194917011212794e-01
7.620608122474693217e-04 3.044291207500080532e-01
7.675144122275166184e-04 3.061220684968194994e-01
7.730070402644647568e-04 3.077983746983075086e-01
7.785389756580848733e-04 3.094580941037130550e-01
7.841104997069243574e-04 3.111012970419300694e-01
7.897218957226110562e-04 3.127280700255709589e-01
7.953734490442601526e-04 3.143385163723668718e-01
8.010654470529823086e-04 3.159327542132479572e-01
8.067981791864988188e-04 3.175108724955662542e-01
8.125719369538577036e-04 3.190729358561226192e-01
8.183870139502580051e-04 3.206190230780895933e-01
8.242437058719792511e-04 3.221492289726851088e-01
8.301423105314165206e-04 3.236636649902345786e-01
8.360831278722252301e-04 3.251624598486640982e-01
8.420664599845724971e-04 3.266457601798675170e-01
8.480926111204997427e-04 3.281137311943965185e-01
8.541618877093908957e-04 3.295665411412197487e-01
8.602745983735580158e-04 3.310042249596529262e-01
8.664310539439327346e-04 3.324267471418594910e-01
8.726315674758717547e-04 3.338340816255226939e-01
8.788764542650767328e-04 3.352262130333146239e-01
8.851660318636260516e-04 3.366031371149900142e-01
8.915006200961232523e-04 3.379648612024268028e-01
8.978805410759589829e-04 3.393114046779416304e-01
9.043061192216915586e-04 3.406427994562207795e-01
9.107776812735433143e-04 3.419563529225093657e-01
9.172955563100147021e-04 3.432343906876617612e-01
9.238600757646185180e-04 3.444534571222748198e-01
9.304715734427332829e-04 3.455891041046804668e-01
9.371303855385767524e-04 3.466158650792774409e-01
9.438368506523020507e-04 3.475072248763942939e-01
9.505913098072149093e-04 3.482355887543395756e-01
9.573941064671148303e-04 3.487722506449616455e-01
9.642455865537602824e-04 3.490873634596460828e-01
9.711460984644587971e-04 3.491588674922495028e-01
9.780959930897827233e-04 3.489929642303768453e-01
9.850956238314125934e-04 3.486021488046983641e-01
9.921453466201063647e-04 3.479995904676335683e-01
9.992455199338003916e-04 3.471991540507584628e-01
1.006396504815835731e-03 3.462154219927417453e-01
1.013598664893319108e-03 3.450637169517374314e-01
1.020852366395612679e-03 3.437601250164745159e-01
1.028157978172954991e-03 3.423214856914249538e-01
1.035515871715220713e-03 3.407611200442904331e-01
1.042926421170807874e-03 3.390843949650755862e-01
1.050390003365663872e-03 3.372959608090185801e-01
1.057906997822448316e-03 3.354007312033834842e-01
1.065477786779829659e-03 3.334038915052898178e-01
1.073102755211924287e-03 3.313109074852060298e-01
1.080782290847870494e-03 3.291275342416223326e-01
1.088516784191544910e-03 3.268598253525479835e-01
1.096306628541421184e-03 3.245141093483084882e-01
1.104152220010567228e-03 3.220958602874517962e-01
1.112053957546787738e-03 3.196093590137427110e-01
1.120012242952912653e-03 3.170590144997900706e-01
1.128027480907225913e-03 3.144494593380076086e-01
1.136100078984045129e-03 3.117855567317732723e-01
1.144230447674447195e-03 3.090724076709670531e-01
1.152419000407139613e-03 3.063153582963658028e-01
1.160666153569485121e-03 3.035200074574796458e-01
1.168972326528674869e-03 3.006920881843212490e-01
1.177337941653052063e-03 2.978356014583442013e-01
1.185763424333590235e-03 2.949531356771277202e-01
1.194249203005524375e-03 2.920473565935824967e-01
1.202795709170136453e-03 2.891210533809357441e-01
1.211403377416697723e-03 2.861771423852735308e-01
1.220072645444567365e-03 2.832186709757866794e-01
1.228803954085447682e-03 2.802488214950797918e-01
1.237597747325804107e-03 2.772709153119526371e-01
1.246454472329439154e-03 2.742882690659252942e-01
1.255374579460230957e-03 2.713030853217561766e-01
1.264358522305034658e-03 2.683170237723332963e-01
1.273406757696748156e-03 2.653318057855209577e-01
1.282519745737539405e-03 2.623492208585025964e-01
1.291697949822245882e-03 2.593711285772032915e-01
1.300941836661935599e-03 2.563994606253684472e-01
1.310251876307640725e-03 2.534362228444799747e-01
1.319628542174258821e-03 2.504834973457157887e-01
1.329072311064626900e-03 2.475432608902928544e-01
1.338583663193765923e-03 2.446166530418421858e-01
1.348163082213300282e-03 2.417045677165570172e-01
1.357811055236050543e-03 2.388079230476218007e-01
1.367528072860804862e-03 2.359276620239332822e-01
1.377314629197264094e-03 2.330647530731226325e-01
1.387171221891167960e-03 2.302201906576498425e-01
1.397098352149600976e-03 2.273949958842588215e-01
1.407096524766477058e-03 2.245902170026104760e-01
1.417166248148210399e-03 2.218067818216680198e-01
1.427308034339566092e-03 2.190452005155660575e-01
1.437522399049698555e-03 2.163059058289886760e-01
1.447809861678375559e-03 2.135893305740164116e-01
1.458170945342387873e-03 2.108959074357530661e-01
1.468606176902153204e-03 2.082260687704892421e-01
1.479116086988502060e-03 2.055802463961946269e-01
1.489701210029665060e-03 2.029588713751163398e-01
1.500362084278446077e-03 2.003623728647602464e-01
1.511099251839592488e-03 1.977910904253789848e-01
1.521913258697362315e-03 1.952451968745146649e-01
1.532804654743286088e-03 1.927248352284332278e-01
1.543773993804129722e-03 1.902301345340945138e-01
1.554821833670055799e-03 1.877612092416470202e-01
1.565948736122988252e-03 1.853181585581051560e-01
1.577155266965177835e-03 1.829010657817213004e-01
1.588441996047973816e-03 1.805099976165548958e-01
1.599809497300800796e-03 1.781450032635680247e-01
1.611258348760342398e-03 1.758061077758678870e-01
1.622789132599935505e-03 1.734933100824841701e-01
1.634402435159172879e-03 1.712065885893937212e-01
1.646098846973717859e-03 1.689459007451805661e-01
1.657878962805335457e-03 1.667111822071365157e-01
1.669743381672132709e-03 1.645023459832440360e-01
1.681692706879021936e-03 1.623192815494252372e-01
1.693727546048396293e-03 1.601618539414325360e-01
1.705848511151028231e-03 1.580299075630080818e-01
1.718056218537188920e-03 1.559233270805683857e-01
1.730351288967987540e-03 1.538420219483517815e-01
1.742734347646940005e-03 1.517858796949360101e-01
1.755206024251757544e-03 1.497547639543664322e-01
1.767766952966368186e-03 1.477485135553405216e-01
1.780417772513161580e-03 1.457669415844224936e-01
1.793159126185472560e-03 1.438098344226300396e-01
1.805991661880289138e-03 1.418769507547240349e-01
1.818916032131199460e-03 1.399680360312721417e-01
1.831932894141572940e-03 1.380829254412590801e-01
1.845042909817977981e-03 1.362214842708117102e-01
1.858246745803841674e-03 1.343835545190406322e-01
1.871545073513346952e-03 1.325689537308726018e-01
1.884938569165574979e-03 1.307774740843870298e-01
1.898427913818890407e-03 1.290088814523189242e-01
1.912013793405573179e-03 1.272629144370779342e-01
1.925696898766698396e-03 1.255392833786181939e-01
1.939477925687264686e-03 1.238377013609806704e-01
1.953357574931576489e-03 1.221579970718234542e-01
1.967336552278875928e-03 1.205000162169013178e-01
1.981415568559232940e-03 1.188635816353796892e-01
1.995595339689690620e-03 1.172484924477536078e-01
2.009876586710669481e-03 1.156545231814771063e-01
2.024260035822633003e-03 1.140814228719504719e-01
2.038746418423012085e-03 1.125289141382465330e-01
2.053336471143400992e-03 1.109966923225639696e-01
2.068030935887012201e-03 1.094844777766473681e-01
2.082830559866401428e-03 1.079921084941049825e-01
2.097736095641465886e-03 1.065194249786527436e-01
2.112748301157710111e-03 1.050662462167826078e-01
2.127867939784787617e-03 1.036323688841596230e-01
2.143095780355317934e-03 1.022175665296496117e-01
2.158432597203983807e-03 1.008215887364168756e-01
2.173879170206903782e-03 9.944416025951546834e-02
2.189436284821288849e-03 9.808498115674008089e-02
2.205104732125385322e-03 9.674380019920786333e-02
2.220885308858696998e-03 9.542046851713853473e-02
2.236778817462503101e-03 9.411482967260467736e-02
2.252786066120662008e-03 9.282670735655103311e-02
2.268907868800703817e-03 9.155590466003592220e-02
2.285145045295225181e-03 9.030220332497271296e-02
2.301498421263572982e-03 8.906536297385743428e-02
2.317968828273828108e-03 8.784512031795552178e-02
2.334557103845094975e-03 8.664119196641031917e-02
2.351264091490084217e-03 8.545336342106729655e-02
2.368090640758007629e-03 8.428149864436026983e-02
2.385037607277779720e-03 8.312544873941983548e-02
2.402105852801521540e-03 8.198504667567640958e-02
2.419296245248385435e-03 8.086010662658457693e-02
2.436609658748685112e-03 7.975042328874626385e-02
2.454046973688348791e-03 7.865577118196566409e-02
2.471609076753681581e-03 7.757590392975877158e-02
2.489296860976460482e-03 7.651056188797011881e-02
2.507111225779336868e-03 7.545956772022123504e-02
2.525053077021578978e-03 7.442279683156685643e-02
2.543123327045132293e-03 7.340011007300954737e-02
2.561322894721008644e-03 7.239135187538429939e-02
2.579652705496016628e-03 7.139634965160435165e-02
2.598113691439817279e-03 7.041491318213718986e-02
2.616706791292320190e-03 6.944683398329043467e-02
2.635432950511418324e-03 6.849188465787750535e-02
2.654293121321064583e-03 6.754983360341856868e-02
2.673288262759691836e-03 6.662053661057897036e-02
2.692419340728981637e-03 6.570387932586156665e-02
2.711687328042978583e-03 6.479973328264689025e-02
2.731093204477557691e-03 6.390795522520230365e-02
2.750637956820247820e-03 6.302838657170807546e-02
2.770322578920407248e-03 6.216085286223345385e-02
2.790148071739763543e-03 6.130516319128521963e-02
2.810115443403309043e-03 6.046110962454266657e-02
2.830225709250567580e-03 5.962849107355634032e-02
2.850479891887223310e-03 5.880719000153974280e-02
2.870879021237116892e-03 5.799710134423330388e-02
2.891424134594621984e-03 5.719810722402195874e-02
2.912116276677388649e-03 5.641007648196245949e-02
2.932956499679467959e-03 5.563286419667236998e-02
2.953945863324816071e-03 5.486631118974577559e-02
2.975085434921180376e-03 5.411024351735833210e-02
2.996376289414372490e-03 5.336447204914843145e-02
3.017819509442930693e-03 5.262882706156608859e-02
3.039416185393169646e-03 5.190321147558895482e-02
3.061167415454627786e-03 5.118752995195295641e-02
3.083074305675907647e-03 5.048167570494889456e-02
3.105137970020923396e-03 4.978553008504027488e-02
3.127359530425542159e-03 4.909896214976527257e-02
3.149740116854634741e-03 4.842182822262876968e-02
3.172280867359536169e-03 4.775397143968344860e-02
3.194982928135911733e-03 4.709522202789994533e-02
3.217847453582044995e-03 4.644543990669576516e-02
3.240875606357536496e-03 4.580454012751913190e-02
3.264068557442426598e-03 4.517243332533486810e-02
3.287427486196737268e-03 4.454901978894412057e-02
3.310953580420444940e-03 4.393418908512870813e-02
3.334648036413879243e-03 4.332781967225897424e-02
3.358512059038553255e-03 4.272977850310120951e-02
3.382546861778433934e-03 4.213992061655455479e-02
3.406753666801644060e-03 4.155809129416131870e-02
3.431133705022612179e-03 4.098418049781969025e-02
3.455688216164663155e-03 4.041812412091014273e-02
3.480418448823057159e-03 3.985985187623367759e-02
3.505325660528484447e-03 3.930928470615086684e-02
3.530411117811005535e-03 3.876633446158493645e-02
3.555676096264458012e-03 3.823090357200228939e-02
3.581121880611318285e-03 3.770288470614433646e-02
3.606749764768030827e-03 3.718216042327879278e-02
3.632561051910803643e-03 3.666860539094354832e-02
3.658557054541876439e-03 3.616211228476341050e-02
3.684739094556252828e-03 3.566258194398253673e-02
3.711108503308930412e-03 3.516990604895701283e-02
3.737666621682594458e-03 3.468396652517811984e-02
3.764414800155799906e-03 3.420463519942919250e-02
3.791354398871646901e-03 3.373177344640940212e-02
3.818486787706940749e-03 3.326523182558649427e-02
3.845813346341852776e-03 3.280484970803533573e-02
3.873335464330075143e-03 3.235048285827595016e-02
3.901054541169479608e-03 3.190215301977659262e-02
3.928971986373284118e-03 3.145994733960173761e-02
3.957089219541722047e-03 3.102395243292335042e-02
3.985407670434234009e-03 3.059425417594549557e-02
4.013928779042167522e-03 3.017093763842611590e-02
4.042653995662001849e-03 2.975408701390002894e-02
4.071584780969094569e-03 2.934378554754033322e-02
4.100722606091957226e-03 2.894011546132047030e-02
4.130068952687063547e-03 2.854313812270296499e-02
4.159625313014189349e-03 2.815283870239863179e-02
4.189393190012292816e-03 2.776917963086378630e-02
4.219374097375944675e-03 2.739211704135408043e-02
4.249569559632294415e-03 2.702160053442884471e-02
4.279981112218591600e-03 2.665757293578937745e-02
4.310610301560264916e-03 2.629997004728343996e-02
4.341458685149561514e-03 2.594872039090423063e-02
4.372527831624737141e-03 2.560374494560798894e-02
4.403819320849828266e-03 2.526495687677015115e-02
4.435334743994981052e-03 2.493226125809593768e-02
4.467075703617373605e-03 2.460555478579655106e-02
4.499043813742692466e-03 2.428472576443433187e-02
4.531240699947216254e-03 2.396967717103661369e-02
4.563667999440470906e-03 2.366034526926451276e-02
4.596327361148481658e-03 2.335666377852060882e-02
4.629220445797622638e-03 2.305855961052080683e-02
4.662348925999066675e-03 2.276595262594948918e-02
4.695714486333830116e-03 2.247875538433643378e-02
4.729318823438441281e-03 2.219687288698583144e-02
4.763163646091210859e-03 2.192020231278438147e-02
4.797250675299122476e-03 2.164863274671086427e-02
4.831581644385349490e-03 2.138204490086571471e-02
4.866158299077390226e-03 2.112031082783462355e-02
4.900982397595838973e-03 2.086329362619610689e-02
4.936055710743794504e-03 2.061084957854757149e-02
4.971380021996899164e-03 2.036286963188887675e-02
5.006957127594041483e-03 2.011927535242494583e-02
5.042788836628667691e-03 1.987998310228866403e-02
5.078876971140813996e-03 1.964490259234629582e-02
5.115223366209714802e-03 1.941393665250426906e-02
5.151829870047155112e-03 1.918698099569845703e-02
5.188698344091416219e-03 1.896392397541031907e-02
5.225830663101963848e-03 1.874464633654828946e-02
5.263228715254744325e-03 1.852902095953117001e-02
5.300894402238237081e-03 1.831691259740435979e-02
5.338829639350112580e-03 1.810817760581795444e-02
5.377036355594672599e-03 1.790266366568934314e-02
5.415516493780887265e-03 1.770022081265394329e-02
5.454272010621242193e-03 1.750076905288797460e-02
5.493304876831183250e-03 1.730425624203352220e-02
5.532617077229375763e-03 1.711062595477200188e-02
5.572210610838589963e-03 1.691981721835681893e-02
5.612087490987391347e-03 1.673176435501059350e-02
5.652249745412476351e-03 1.654639681998149731e-02
5.692699416361826810e-03 1.636363903514979554e-02
5.733438560698515818e-03 1.618341021807515392e-02
5.774469250005336701e-03 1.600562420637087480e-02
5.815793570690112012e-03 1.583018927729008471e-02
5.857413624091797888e-03 1.565700796240504511e-02
5.899331526587359500e-03 1.548597686707803983e-02
5.941549409699342123e-03 1.531700513366581612e-02
5.984069420204312165e-03 1.515005443883009860e-02
6.026893720241967810e-03 1.498509450657280369e-02
6.070024487425135229e-03 1.482209223088528163e-02
6.113463914950448275e-03 1.466101157534487227e-02
6.157214211709926763e-03 1.450181346991986746e-02
6.201277602403242571e-03 1.434445570491391445e-02
6.245656327650898204e-03 1.418889282197783111e-02
6.290352644108114857e-03 1.403507600211657130e-02
6.335368824579628612e-03 1.388295295061585041e-02
6.380707158135214344e-03 1.373246777881278156e-02
6.426369950226136843e-03 1.358356088263140520e-02
6.472359522802329651e-03 1.343616925012806537e-02
6.518678214430515851e-03 1.329024863424201064e-02
6.565328380413077390e-03 1.314578537381315415e-02
6.612312392907869832e-03 1.300276677041365542e-02
6.659632641048796042e-03 1.286117842544689041e-02
6.707291531067344388e-03 1.272100417724973155e-02
6.755291486414895415e-03 1.258222603641919249e-02
6.803634947886006042e-03 1.244482411931817877e-02
6.852324373742465710e-03 1.230877657971523459e-02
6.901362239838363007e-03 1.217405953851085666e-02
6.950751039745924238e-03 1.204064701150307087e-02
7.000493284882339066e-03 1.190851083514273337e-02
7.050591504637483860e-03 1.177762059022858729e-02
7.101048246502492459e-03 1.164794500834926035e-02
7.151866076199353030e-03 1.151947125893462709e-02
7.203047577811316771e-03 1.139220033049668374e-02
7.254595353914357857e-03 1.126613263720963910e-02
7.306512025709452178e-03 1.114126764219190539e-02
7.358800233155929869e-03 1.101760381891228428e-02
7.411462635105651835e-03 1.089513861147263681e-02
7.464501909438276545e-03 1.077386839373777570e-02
7.517920753197365573e-03 1.065378842728377344e-02
7.571721882727592418e-03 1.053489281813409228e-02
7.625908033812808275e-03 1.041717447225331758e-02
7.680481961815211964e-03 1.030062504976640356e-02
7.735446441815403695e-03 1.018523491787177125e-02
7.790804268753556867e-03 1.007099477062876544e-02
7.846558257571481509e-03 9.957903513424128453e-03
7.902711243355819634e-03 9.845962475516103693e-03
7.959266081482157390e-03 9.735172140576247093e-03
8.016225647760274325e-03 9.625532108294447206e-03
8.073592838580315525e-03 9.517041058522843211e-03
8.131370571060142494e-03 9.409696714375765519e-03
8.189561783193599967e-03 9.303495804259657304e-03
8.248169433999976222e-03 9.198434022805212704e-03
8.307196503674415741e-03 9.094505990674265836e-03
8.366645993739483742e-03 8.991705213212502351e-03
8.426520927197820102e-03 8.890024037918917849e-03
8.486824348685799435e-03 8.789453682342062216e-03
8.547559324628415875e-03 8.690015649557679064e-03
8.608728943395146244e-03 8.591813098215776018e-03
8.670336315457062223e-03 8.494965779939476005e-03
8.732384573544922646e-03 8.399597689917805143e-03
8.794876872808551210e-03 8.305837184699314812e-03
8.857816390977197793e-03 8.213817102923263655e-03
8.921206328521199061e-03 8.123674889057108314e-03
8.985049908814655636e-03 8.035552720211572297e-03
9.049350378299399894e-03 7.949597636105290924e-03
9.114111006650020205e-03 7.865961672253533529e-03
9.179335086940186225e-03 7.784801996456365385e-03
9.245025935810032361e-03 7.706281048664159229e-03
9.311186893634878711e-03 7.630562736254785892e-03
9.377821324695022331e-03 7.557675979784387113e-03
9.444932617346872908e-03 7.487473053242960086e-03
9.512524184195188248e-03 7.419786980498804807e-03
9.580599462266674998e-03 7.354441894701887854e-03
9.649161913184680500e-03 7.291252755536985208e-03
9.718215023345307124e-03 7.230025058957941994e-03
9.787762304094596924e-03 7.170554539219827633e-03
9.857807291907180400e-03 7.112626863020905105e-03
9.928353548566014666e-03 7.056017315562593782e-03
9.999404661343592668e-03 7.000490478330439331e-03
1.007096424318426262e-02 6.945799898395263461e-03
1.014303593288800633e-02 6.891687749028290420e-03
1.021562339529547697e-02 6.837900604290318360e-03
1.028873032147430144e-02 6.784352205236095050e-03
1.036236042890683814e-02 6.731063674943290297e-03
1.043651746167914215e-02 6.678058453874903544e-03
1.051120519067142746e-02 6.625360727134342598e-03
1.058642741374973308e-02 6.572995443852272524e-03
1.066218795595912788e-02 6.520988337038719114e-03
1.073849066971813669e-02 6.469365943911545638e-03
1.081533943501470155e-02 6.418155626711920247e-03
1.089273815960341805e-02 6.367385594018260507e-03
1.097069077920431561e-02 6.317084922569892597e-03
1.104920125770289877e-02 6.267283579612356603e-03
1.112827358735181404e-02 6.218012445776122804e-03
1.120791178897374667e-02 6.169297613674688124e-03
1.128811991216598434e-02 6.121138910029822258e-03
1.136890203550624569e-02 6.073527787010072135e-03
1.145026226676016182e-02 6.026454902847194241e-03
1.153220474309006247e-02 5.979910094593743168e-03
1.161473363126545519e-02 5.933882349218939055e-03
1.169785312787480040e-02 5.888359773903385080e-03
1.178156745953900728e-02 5.843329565512477529e-03
1.186588088312625321e-02 5.798777979228232973e-03
1.195079768596855885e-02 5.754690296318421862e-03
1.203632218607969366e-02 5.711050791021816259e-03
1.212245873237480231e-02 5.667842696527409727e-03
1.220921170489156632e-02 5.625048206223811145e-03
1.229658551501285231e-02 5.582654873044641183e-03
1.238458460569113150e-02 5.540663380115084732e-03
1.247321345167429554e-02 5.499075941944002802e-03
1.256247655973330435e-02 5.457894546054295991e-03
1.265237846889124586e-02 5.417120942825024744e-03
1.274292375065426246e-02 5.376756635029076095e-03
1.283411700924389290e-02 5.336802867058679060e-03
1.292596288183130507e-02 5.297260613830554778e-03
1.301846603877299807e-02 5.258130569362599351e-03
1.311163118384838476e-02 5.219413135013528139e-03
1.320546305449888172e-02 5.181108407376952725e-03
1.329996642206890747e-02 5.143216165820907286e-03
1.339514609204840029e-02 5.105735861020827687e-03
1.349100690431728755e-02 5.068666635068157234e-03
1.358755373339147997e-02 5.032007311567093105e-03
1.368479148867085202e-02 4.995756348279052801e-03
1.378272511468877845e-02 4.959911821153883613e-03
1.388135959136366573e-02 4.924471409644422260e-03
1.398069993425207422e-02 4.889432381601051952e-03
1.408075119480387688e-02 4.854791577735454756e-03
1.418151846061899667e-02 4.820545395642847342e-03
1.428300685570624111e-02 4.786689773371400128e-03
1.438522154074374504e-02 4.753220172527579737e-03
1.448816771334144118e-02 4.720131560905622102e-03
1.459185060830540427e-02 4.687418394629239496e-03
1.469627549790392292e-02 4.655075031404202861e-03
1.480144769213573470e-02 4.623099140186269149e-03
1.490737253899990233e-02 4.591490025015951271e-03
1.501405542476788417e-02 4.560246696693276425e-03
1.512150177425730831e-02 4.529367843889389213e-03
1.522971705110794452e-02 4.498851820625968112e-03
1.533870675805940054e-02 4.468696633395370307e-03
1.544847643723107344e-02 4.438899927912210233e-03
1.555903167040382715e-02 4.409458975487227234e-03
1.567037807930396140e-02 4.380370659013741765e-03
1.578252132588894158e-02 4.351631458557046403e-03
1.589546711263544604e-02 4.323237436536629501e-03
1.600922118282919332e-02 4.295184222492412149e-03
1.612378932085713548e-02 4.267467721548943473e-03
1.623917735250145558e-02 4.240086226583308221e-03
1.635539114523592782e-02 4.213038390092974095e-03
1.647243660852416511e-02 4.186322554505183223e-03
1.659031969412024313e-02 4.159936740309596974e-03
1.670904639637119798e-02 4.133878633852142333e-03
1.682862275252198711e-02 4.108145574781430463e-03
1.694905484302235144e-02 4.082734543139048683e-03
1.707034879183613740e-02 4.057642146084654115e-03
1.719251076675253759e-02 4.032864604246794681e-03
1.731554697969991258e-02 4.008397737689925987e-03
1.743946368706150371e-02 3.984236951488119571e-03
1.756426718999363340e-02 3.960377237424012042e-03
1.768996383474617101e-02 3.936814696458168332e-03
1.781656001298512204e-02 3.913547860092700045e-03
1.794406216211778121e-02 3.890575272699813101e-03
1.807247676561993255e-02 3.867895195478125540e-03
1.820181035336566888e-02 3.845505595719794171e-03
1.833206950195930690e-02 3.823404135772291278e-03
1.846326083506993898e-02 3.801588161687000002e-03
1.859539102376810485e-02 3.780054691546872857e-03
1.872846678686516941e-02 3.758800403464938617e-03
1.886249489125480655e-02 3.737821623245508266e-03
1.899748215225726539e-02 3.717114311699516987e-03
1.913343543396577029e-02 3.696674051605421812e-03
1.927036164959569989e-02 3.676496146156621112e-03
1.940826776183599695e-02 3.656577630374417860e-03
1.954716078320334685e-02 3.636917137974944331e-03
1.968704777639862513e-02 3.617513119500341198e-03
1.982793585466618644e-02 3.598363767778603971e-03
1.996983218215541908e-02 3.579467008258722504e-03
2.011274397428519656e-02 3.560820489071770192e-03
2.025667849811060850e-02 3.542421570811136230e-03
2.040164307269268576e-02 3.524267316024723515e-03
2.054764506947037717e-02 3.506354478411994637e-03
2.069469191263556551e-02 3.488679491718350671e-03
2.084279107951044277e-02 3.471238458319352276e-03
2.099195010092778577e-02 3.454027137486961191e-03
2.114217656161397618e-02 3.437041276012886646e-03
2.129347810057451856e-02 3.420278748095611186e-03
2.144586241148267389e-02 3.403738262672719415e-03
2.159933724307048011e-02 3.387418312919925328e-03
2.175391039952298544e-02 3.371317163594996901e-03
2.190958974087488589e-02 3.355432842532641083e-03
2.206638318341039642e-02 3.339763131898822526e-03
2.222429870006560962e-02 3.324305559198562077e-03
2.238334432083411568e-02 3.309057388030913188e-03
2.254352813317512041e-02 3.294015608584877769e-03
2.270485828242489387e-02 3.279176927869676891e-03
2.286734297221076559e-02 3.264537759672813018e-03
2.303099046486846782e-02 3.250094214485726735e-03
2.319580908186209128e-02 3.235842802379419909e-03
2.336180720420741319e-02 3.221782041277522057e-03
2.352899327289788636e-02 3.207910707042928560e-03
2.369737578933404920e-02 3.194227382732786873e-03
2.386696331575564184e-02 3.180730451399428789e-03
2.403776447567715704e-02 3.167418088687503491e-03
2.420978795432619790e-02 3.154288255222224748e-03
2.438304249908527718e-02 3.141338688783439602e-03
2.455753691993644780e-02 3.128566896260192957e-03
2.473328008990946861e-02 3.115970145380217871e-03
2.491028094553283598e-02 3.103545456208794354e-03
2.508854848728828829e-02 3.091289592411149319e-03
2.526809178006853354e-02 3.079199072175383203e-03
2.544891995363804046e-02 3.067271278356144010e-03
2.563104220309747605e-02 3.055505104469154708e-03
2.581446778935108169e-02 3.043899424177697825e-03
2.599920603957779630e-02 3.032452944217048016e-03
2.618526634770531811e-02 3.021164198191767045e-03
2.637265817488802094e-02 3.010031540197701493e-03
2.656139104998781961e-02 2.999053138264321655e-03
2.675147457005893140e-02 2.988226967612847562e-03
2.694291840083568035e-02 2.977550803725570721e-03
2.713573227722420461e-02 2.967022215221618020e-03
2.732992600379726203e-02 2.956638556534344799e-03
2.752550945529300824e-02 2.946396960385367150e-03
2.772249257711691117e-02 2.936294426928812932e-03
2.792088538584769006e-02 2.926329146124106387e-03
2.812069796974644292e-02 2.916500213886545449e-03
2.832194048926985064e-02 2.906806613702358523e-03
2.852462317758660409e-02 2.897247185587552634e-03
2.872875634109801901e-02 2.887820620778679039e-03
2.893435035996183569e-02 2.878525456273801127e-03
2.914141568862032780e-02 2.869360069219874243e-03
2.934996285633164823e-02 2.860322671142710195e-03
2.956000246770548387e-02 2.851411302015557404e-03
2.977154520324210019e-02 2.842623824162269532e-03
2.998460181987552473e-02 2.833957915990927869e-03
3.019918315152062688e-02 2.825411065553671761e-03
3.041530010962380931e-02 2.816980810906996677e-03
3.063296368371810213e-02 2.808665962630374838e-03
3.085218494198174385e-02 2.800465733663225036e-03
3.107297503180121365e-02 2.792379219463777661e-03
3.129534518033785795e-02 2.784405392864482912e-03
3.151930669509903082e-02 2.776543099550162624e-03
3.174487096451282520e-02 2.768791053408744922e-03
3.197204945850742192e-02 2.761147831751356412e-03
3.220085372909409910e-02 2.753611870398510204e-03
3.243129541095488705e-02 2.746181458629020494e-03
3.266338622203394243e-02 2.738854733988241915e-03
3.289713796413366170e-02 2.731629676952060989e-03
3.313256252351454156e-02 2.724504106284318574e-03
3.336967187149986885e-02 2.717476136131966296e-03
3.360847806508417135e-02 2.710544969467930908e-03
3.384899324754660904e-02 2.703709909520490926e-03
3.409122964906816794e-02 2.696970158838219844e-03
3.433519958735386374e-02 2.690324815557317874e-03
3.458091546825876883e-02 2.683772869563583099e-03
3.482838978641919492e-02 2.677313198546326690e-03
3.507763512588772670e-02 2.670944563941548590e-03
3.532866416077336952e-02 2.664665606761572932e-03
3.558148965588583956e-02 2.658474843308318222e-03
3.583612446738483615e-02 2.652370660767285320e-03
3.609258154343357450e-02 2.646351312679289490e-03
3.635087392485731456e-02 2.640414931888588647e-03
3.661101474580657350e-02 2.634560180772077629e-03
3.687301723442475143e-02 2.628786474235181650e-03
3.713689471352106530e-02 2.623093200043738471e-03
3.740266060124773639e-02 2.617479660492030239e-03
3.767032841178259012e-02 2.611945069243194577e-03
3.793991175601594407e-02 2.606488548080548948e-03
3.821142434224301943e-02 2.601109123567531527e-03
3.848487997686073081e-02 2.595805723614012100e-03
3.876029256507001336e-02 2.590577173946593398e-03
3.903767611158261153e-02 2.585422194480525848e-03
3.931704472133353001e-02 2.580339395590749464e-03
3.959841260019794640e-02 2.575327274279580036e-03
3.988179405571389696e-02 2.570384277712314727e-03
4.016720349780950050e-02 2.565509515698969744e-03
4.045465543953602472e-02 2.560702513002988817e-03
4.074416449780551841e-02 2.555962732367958110e-03
4.103574539413448047e-02 2.551289564026748037e-03
4.132941295539202531e-02 2.546682323028992643e-03
4.162518211455423778e-02 2.542140246493262458e-03
4.192306791146313549e-02 2.537662490782053443e-03
4.222308549359179985e-02 2.533248128597635242e-03
4.252525011681427408e-02 2.528896145996800248e-03
4.282957714618167155e-02 2.524605439322463035e-03
4.313608205670318302e-02 2.520374812050054942e-03
4.344478043413312063e-02 2.516202971546563187e-03
4.375568797576356167e-02 2.512088681933126715e-03
4.406882049122228667e-02 2.508031375268422215e-03
4.438419390327696945e-02 2.504030650451379795e-03
4.470182424864460602e-02 2.500086047607132100e-03
4.502172767880725790e-02 2.496197045855881071e-03
4.534392046083301347e-02 2.492363061067967567e-03
4.566841897820353435e-02 2.488583443555724209e-03
4.599523973164679203e-02 2.484857475700516776e-03
4.632439933997650056e-02 2.481184369513366513e-03
4.665591454093678814e-02 2.477563264127465026e-03
4.698980219205370346e-02 2.473993223220901250e-03
4.732607927149204419e-02 2.470473232367847993e-03
4.766476287891906194e-02 2.467002197569942868e-03
4.800587023637362810e-02 2.463579201599865303e-03
4.834941868914229696e-02 2.460203835071248912e-03
4.869542570664099623e-02 2.456875715035299057e-03
4.904390888330368431e-02 2.453594407353207069e-03
4.939488593947666956e-02 2.450359424811073081e-03
4.974837472232002816e-02 2.447170225181721174e-03
5.010439320671481594e-02 2.444026209232088871e-03
5.046295949617743415e-02 2.440926718674811015e-03
5.082409182377976842e-02 2.437871034062623257e-03
5.118780855307682176e-02 2.434858372624129717e-03
5.155412817904007211e-02 2.431887886039486336e-03
5.192306932899811572e-02 2.428958658154499375e-03
5.229465076358404824e-02 2.426069718829491038e-03
5.266889137768903523e-02 2.423220465144172546e-03
5.304581020142356412e-02 2.420410720863604495e-03
5.342542640108468438e-02 2.417640297657815476e-03
5.380775928013105391e-02 2.414908970291901411e-03
5.419282828016407788e-02 2.412216475228631200e-03
5.458065298191695780e-02 2.409562509191314622e-03
5.497125310624989547e-02 2.406946727685923323e-03
5.536464851515341540e-02 2.404368743481446156e-03
5.576085921275780732e-02 2.401828125047422453e-03
5.615990534635086073e-02 2.399324394947582005e-03
5.656180720740185824e-02 2.396857028188481131e-03
5.696658523259386098e-02 2.394425450522028476e-03
5.737426000486246097e-02 2.392029036700714893e-03
5.778485225444286721e-02 2.389667108684402023e-03
5.819838285992360444e-02 2.387338933797430139e-03
5.861487284930862185e-02 2.385043722834825734e-03
5.903434340108609790e-02 2.382780628116341198e-03
5.945681584530586317e-02 2.380548741487016444e-03
5.988231166466353311e-02 2.378347092262959699e-03
6.031085249559339084e-02 2.376174645120956649e-03
6.074246012936811157e-02 2.374030297930555290e-03
6.117715651320735498e-02 2.371912879527171905e-03
6.161496375139322718e-02 2.369821147424782271e-03
6.205590410639486715e-02 2.367753785466694943e-03
6.250000000000000000e-02 2.365709401412896540e-03
